60450
60596
60843
61587
62169
62448
62575
63322
63512
63607
63714
63881
64001
64066
64197
64250
64581
64702
64885
65115
65855
65891
66299
66612
67596
67608
67695
67724
67831
67848
67996
68015
68954
68968
69119
69532
69661
69811
70421
70585
70946
70978
71057
71143
71721
71777
71878
71894
72238
72635
72697
73166
73581
73672
74038
74173
74536
75027
75398
75455
75491
75541
75877
75959
76391
76606
76731
76789
77064
77088
77611
77662
78768
79178
79318
79339
79471
81627
81806
82047
82063
82159
82194
82271
82340
82642
83562
83614
83702
83998
84073
84782
85233
85453
