67
149
206
384
601
640
861
1406
1419
1468
1587
1874
1997
2380
2530
3120
3178
3221
3312
3478
3502
3572
3681
3782
3827
3842
4107
4382
4581
4761
4927
5035
5208
5352
5366
5437
5442
5521
5596
5597
5651
5831
5955
6302
6385
6392
6736
6806
6916
7313
7542
7596
7641
7695
7965
7996
8014
8102
8266
8326
8372
8483
8530
8935
8954
9004
9078
9162
9241
9531
9930
10028
10169
10386
10490
10600
10625
10908
10938
11231
11247
11271
11400
11634
11777
12023
12089
12126
12133
12160
12238
12365
12587
12606
12623
12721
13040
13460
13569
13662
13672
13918
13950
13982
14016
14324
14326
14458
14470
14549
14694
14787
14878
15027
15072
15083
15387
15391
15396
15552
15591
15670
15762
16028
16181
16266
16469
16512
16606
17015
17074
17088
17127
17318
17414
17759
17880
18004
18143
18348
18501
18616
18633
18823
18861
19066
19610
19716
19870
19880
19994
20107
20109
20160
20317
20347
20675
20962
21370
21635
21722
22061
22223
22237
22373
22865
22878
22926
23008
23238
23326
23619
23728
23925
24033
24090
24109
24137
24276
24569
24607
25197
25232
25233
25332
25396
25400
