6.006700000000000000e+04 4.600000000000000000e+01 7.000000000000000000e+01
6.007800000000000000e+04 4.500000000000000000e+01 7.500000000000000000e+01
6.011300000000000000e+04 4.600000000000000000e+01 7.500000000000000000e+01
6.012600000000000000e+04 4.300000000000000000e+01 7.600000000000000000e+01
6.014900000000000000e+04 4.000000000000000000e+01 7.400000000000000000e+01
6.015200000000000000e+04 4.400000000000000000e+01 6.600000000000000000e+01
6.015900000000000000e+04 3.800000000000000000e+01 6.800000000000000000e+01
6.017800000000000000e+04 4.000000000000000000e+01 6.900000000000000000e+01
6.018100000000000000e+04 4.100000000000000000e+01 7.200000000000000000e+01
6.020200000000000000e+04 4.200000000000000000e+01 7.400000000000000000e+01
6.020600000000000000e+04 3.700000000000000000e+01 7.500000000000000000e+01
6.027000000000000000e+04 4.300000000000000000e+01 7.100000000000000000e+01
6.028700000000000000e+04 4.000000000000000000e+01 6.500000000000000000e+01
6.029000000000000000e+04 4.000000000000000000e+01 7.800000000000000000e+01
6.030300000000000000e+04 3.400000000000000000e+01 7.600000000000000000e+01
6.035500000000000000e+04 4.000000000000000000e+01 6.600000000000000000e+01
6.037700000000000000e+04 3.400000000000000000e+01 7.200000000000000000e+01
6.038400000000000000e+04 4.800000000000000000e+01 7.700000000000000000e+01
6.039900000000000000e+04 3.900000000000000000e+01 7.100000000000000000e+01
6.040700000000000000e+04 3.600000000000000000e+01 7.300000000000000000e+01
6.044000000000000000e+04 3.600000000000000000e+01 6.700000000000000000e+01
6.045000000000000000e+04 4.000000000000000000e+01 7.400000000000000000e+01
6.045900000000000000e+04 4.900000000000000000e+01 7.100000000000000000e+01
6.050900000000000000e+04 4.400000000000000000e+01 7.400000000000000000e+01
6.051000000000000000e+04 4.000000000000000000e+01 6.600000000000000000e+01
6.052600000000000000e+04 4.700000000000000000e+01 7.300000000000000000e+01
6.053600000000000000e+04 4.600000000000000000e+01 7.200000000000000000e+01
6.054700000000000000e+04 3.700000000000000000e+01 7.700000000000000000e+01
6.057800000000000000e+04 3.800000000000000000e+01 6.900000000000000000e+01
6.059600000000000000e+04 4.000000000000000000e+01 6.500000000000000000e+01
6.060100000000000000e+04 3.600000000000000000e+01 7.400000000000000000e+01
6.060700000000000000e+04 4.200000000000000000e+01 7.400000000000000000e+01
6.062100000000000000e+04 4.000000000000000000e+01 7.400000000000000000e+01
6.064000000000000000e+04 3.400000000000000000e+01 7.500000000000000000e+01
6.064200000000000000e+04 4.800000000000000000e+01 7.000000000000000000e+01
6.067900000000000000e+04 4.000000000000000000e+01 8.000000000000000000e+01
6.068300000000000000e+04 4.800000000000000000e+01 7.000000000000000000e+01
6.069600000000000000e+04 4.700000000000000000e+01 6.700000000000000000e+01
6.071000000000000000e+04 4.200000000000000000e+01 6.900000000000000000e+01
6.074500000000000000e+04 3.700000000000000000e+01 7.300000000000000000e+01
6.084300000000000000e+04 3.600000000000000000e+01 7.300000000000000000e+01
6.086100000000000000e+04 4.100000000000000000e+01 7.600000000000000000e+01
6.086200000000000000e+04 3.900000000000000000e+01 7.000000000000000000e+01
6.090000000000000000e+04 3.500000000000000000e+01 7.200000000000000000e+01
6.090900000000000000e+04 4.900000000000000000e+01 6.800000000000000000e+01
6.091300000000000000e+04 4.800000000000000000e+01 7.700000000000000000e+01
6.097600000000000000e+04 4.300000000000000000e+01 7.600000000000000000e+01
6.102900000000000000e+04 3.400000000000000000e+01 6.900000000000000000e+01
6.108000000000000000e+04 4.300000000000000000e+01 6.900000000000000000e+01
6.124200000000000000e+04 4.500000000000000000e+01 7.900000000000000000e+01
6.125300000000000000e+04 4.700000000000000000e+01 6.800000000000000000e+01
6.131500000000000000e+04 4.600000000000000000e+01 7.600000000000000000e+01
6.140400000000000000e+04 3.500000000000000000e+01 7.200000000000000000e+01
6.140600000000000000e+04 4.200000000000000000e+01 6.900000000000000000e+01
6.141500000000000000e+04 4.400000000000000000e+01 6.800000000000000000e+01
6.141900000000000000e+04 4.800000000000000000e+01 7.000000000000000000e+01
6.146800000000000000e+04 4.100000000000000000e+01 7.500000000000000000e+01
6.147700000000000000e+04 4.100000000000000000e+01 7.000000000000000000e+01
6.149600000000000000e+04 4.000000000000000000e+01 6.900000000000000000e+01
6.154900000000000000e+04 4.800000000000000000e+01 7.700000000000000000e+01
6.158700000000000000e+04 4.000000000000000000e+01 6.500000000000000000e+01
6.171100000000000000e+04 4.000000000000000000e+01 7.400000000000000000e+01
6.173900000000000000e+04 4.000000000000000000e+01 6.900000000000000000e+01
6.181400000000000000e+04 3.800000000000000000e+01 6.600000000000000000e+01
6.187100000000000000e+04 4.300000000000000000e+01 7.900000000000000000e+01
6.187400000000000000e+04 4.500000000000000000e+01 7.800000000000000000e+01
6.187800000000000000e+04 3.800000000000000000e+01 7.600000000000000000e+01
6.188600000000000000e+04 4.600000000000000000e+01 7.200000000000000000e+01
6.191100000000000000e+04 4.900000000000000000e+01 6.800000000000000000e+01
6.191800000000000000e+04 3.800000000000000000e+01 6.900000000000000000e+01
6.193800000000000000e+04 3.900000000000000000e+01 7.800000000000000000e+01
6.198600000000000000e+04 4.300000000000000000e+01 7.400000000000000000e+01
6.199000000000000000e+04 4.700000000000000000e+01 6.700000000000000000e+01
6.199700000000000000e+04 4.000000000000000000e+01 6.500000000000000000e+01
6.199900000000000000e+04 4.000000000000000000e+01 6.900000000000000000e+01
6.202500000000000000e+04 4.100000000000000000e+01 8.000000000000000000e+01
6.213400000000000000e+04 3.900000000000000000e+01 7.800000000000000000e+01
6.214800000000000000e+04 4.200000000000000000e+01 7.700000000000000000e+01
6.216900000000000000e+04 4.100000000000000000e+01 7.200000000000000000e+01
6.217200000000000000e+04 4.000000000000000000e+01 6.600000000000000000e+01
6.218100000000000000e+04 4.000000000000000000e+01 7.800000000000000000e+01
6.222300000000000000e+04 4.700000000000000000e+01 6.800000000000000000e+01
6.228800000000000000e+04 4.100000000000000000e+01 7.200000000000000000e+01
6.229300000000000000e+04 3.400000000000000000e+01 7.300000000000000000e+01
6.235200000000000000e+04 3.400000000000000000e+01 6.900000000000000000e+01
6.235500000000000000e+04 3.600000000000000000e+01 7.300000000000000000e+01
6.236900000000000000e+04 4.300000000000000000e+01 6.900000000000000000e+01
6.238000000000000000e+04 4.100000000000000000e+01 8.100000000000000000e+01
6.240900000000000000e+04 4.200000000000000000e+01 7.300000000000000000e+01
6.244800000000000000e+04 4.200000000000000000e+01 7.400000000000000000e+01
6.253000000000000000e+04 3.500000000000000000e+01 7.600000000000000000e+01
6.255500000000000000e+04 4.100000000000000000e+01 6.500000000000000000e+01
6.255800000000000000e+04 4.100000000000000000e+01 8.000000000000000000e+01
6.257500000000000000e+04 4.200000000000000000e+01 7.700000000000000000e+01
6.261600000000000000e+04 3.400000000000000000e+01 7.300000000000000000e+01
6.263900000000000000e+04 4.800000000000000000e+01 7.400000000000000000e+01
6.273300000000000000e+04 4.200000000000000000e+01 6.900000000000000000e+01
6.273700000000000000e+04 4.000000000000000000e+01 7.600000000000000000e+01
6.281000000000000000e+04 4.200000000000000000e+01 7.300000000000000000e+01
6.286900000000000000e+04 4.800000000000000000e+01 7.700000000000000000e+01
6.287700000000000000e+04 4.300000000000000000e+01 8.000000000000000000e+01
6.291400000000000000e+04 4.800000000000000000e+01 7.700000000000000000e+01
6.292700000000000000e+04 3.600000000000000000e+01 6.700000000000000000e+01
6.295300000000000000e+04 4.700000000000000000e+01 7.000000000000000000e+01
6.312000000000000000e+04 4.100000000000000000e+01 7.200000000000000000e+01
6.313800000000000000e+04 4.500000000000000000e+01 7.300000000000000000e+01
6.317800000000000000e+04 4.200000000000000000e+01 6.800000000000000000e+01
6.321200000000000000e+04 4.200000000000000000e+01 7.700000000000000000e+01
6.321800000000000000e+04 4.700000000000000000e+01 6.800000000000000000e+01
6.322100000000000000e+04 4.400000000000000000e+01 6.800000000000000000e+01
6.329900000000000000e+04 3.400000000000000000e+01 7.200000000000000000e+01
6.331200000000000000e+04 4.000000000000000000e+01 6.900000000000000000e+01
6.332200000000000000e+04 3.500000000000000000e+01 7.200000000000000000e+01
6.337300000000000000e+04 3.900000000000000000e+01 7.800000000000000000e+01
6.340700000000000000e+04 4.000000000000000000e+01 7.300000000000000000e+01
6.347800000000000000e+04 4.900000000000000000e+01 7.600000000000000000e+01
6.350000000000000000e+04 3.400000000000000000e+01 7.200000000000000000e+01
6.350200000000000000e+04 3.900000000000000000e+01 7.000000000000000000e+01
6.351200000000000000e+04 4.100000000000000000e+01 7.200000000000000000e+01
6.357200000000000000e+04 4.900000000000000000e+01 6.800000000000000000e+01
6.357300000000000000e+04 4.600000000000000000e+01 7.300000000000000000e+01
6.359300000000000000e+04 3.900000000000000000e+01 7.000000000000000000e+01
6.360700000000000000e+04 4.400000000000000000e+01 7.700000000000000000e+01
6.363200000000000000e+04 3.900000000000000000e+01 6.800000000000000000e+01
6.363800000000000000e+04 3.400000000000000000e+01 7.000000000000000000e+01
6.365100000000000000e+04 4.400000000000000000e+01 7.400000000000000000e+01
6.366300000000000000e+04 3.900000000000000000e+01 7.800000000000000000e+01
6.368100000000000000e+04 4.400000000000000000e+01 6.600000000000000000e+01
6.371400000000000000e+04 4.200000000000000000e+01 7.200000000000000000e+01
6.372700000000000000e+04 3.500000000000000000e+01 7.100000000000000000e+01
6.378200000000000000e+04 3.800000000000000000e+01 7.500000000000000000e+01
6.378500000000000000e+04 3.600000000000000000e+01 6.900000000000000000e+01
6.381500000000000000e+04 4.700000000000000000e+01 6.800000000000000000e+01
6.382700000000000000e+04 3.800000000000000000e+01 6.600000000000000000e+01
6.383000000000000000e+04 4.000000000000000000e+01 6.500000000000000000e+01
6.384200000000000000e+04 4.300000000000000000e+01 7.400000000000000000e+01
6.385300000000000000e+04 4.200000000000000000e+01 7.700000000000000000e+01
6.388100000000000000e+04 3.800000000000000000e+01 7.900000000000000000e+01
6.392500000000000000e+04 4.600000000000000000e+01 7.000000000000000000e+01
6.393000000000000000e+04 4.300000000000000000e+01 7.500000000000000000e+01
6.393800000000000000e+04 4.100000000000000000e+01 7.200000000000000000e+01
6.400100000000000000e+04 3.700000000000000000e+01 7.500000000000000000e+01
6.400600000000000000e+04 4.000000000000000000e+01 7.900000000000000000e+01
6.406600000000000000e+04 4.300000000000000000e+01 6.500000000000000000e+01
6.410700000000000000e+04 4.100000000000000000e+01 7.000000000000000000e+01
6.416300000000000000e+04 4.100000000000000000e+01 8.000000000000000000e+01
6.419700000000000000e+04 3.400000000000000000e+01 7.500000000000000000e+01
6.422600000000000000e+04 4.900000000000000000e+01 6.800000000000000000e+01
6.425000000000000000e+04 4.200000000000000000e+01 7.600000000000000000e+01
6.436800000000000000e+04 3.900000000000000000e+01 6.800000000000000000e+01
6.438200000000000000e+04 4.300000000000000000e+01 7.500000000000000000e+01
6.445600000000000000e+04 4.400000000000000000e+01 7.200000000000000000e+01
6.447100000000000000e+04 4.700000000000000000e+01 7.500000000000000000e+01
6.451100000000000000e+04 3.900000000000000000e+01 6.800000000000000000e+01
6.451600000000000000e+04 3.400000000000000000e+01 7.300000000000000000e+01
6.453900000000000000e+04 3.800000000000000000e+01 7.200000000000000000e+01
6.458100000000000000e+04 4.500000000000000000e+01 7.300000000000000000e+01
6.463900000000000000e+04 3.900000000000000000e+01 6.500000000000000000e+01
6.466200000000000000e+04 4.400000000000000000e+01 7.700000000000000000e+01
6.467400000000000000e+04 3.500000000000000000e+01 7.200000000000000000e+01
6.470200000000000000e+04 4.100000000000000000e+01 7.200000000000000000e+01
6.473800000000000000e+04 4.900000000000000000e+01 6.800000000000000000e+01
6.474400000000000000e+04 4.100000000000000000e+01 7.300000000000000000e+01
6.474900000000000000e+04 4.800000000000000000e+01 7.500000000000000000e+01
6.476100000000000000e+04 4.700000000000000000e+01 6.700000000000000000e+01
6.478500000000000000e+04 3.700000000000000000e+01 7.000000000000000000e+01
6.488500000000000000e+04 3.800000000000000000e+01 7.900000000000000000e+01
6.488900000000000000e+04 4.100000000000000000e+01 7.900000000000000000e+01
6.492700000000000000e+04 4.300000000000000000e+01 6.900000000000000000e+01
6.498300000000000000e+04 3.800000000000000000e+01 6.600000000000000000e+01
6.498700000000000000e+04 4.100000000000000000e+01 7.600000000000000000e+01
6.499900000000000000e+04 4.600000000000000000e+01 7.300000000000000000e+01
6.501500000000000000e+04 4.300000000000000000e+01 6.900000000000000000e+01
6.503500000000000000e+04 4.800000000000000000e+01 7.500000000000000000e+01
6.507400000000000000e+04 4.800000000000000000e+01 7.000000000000000000e+01
6.511500000000000000e+04 4.300000000000000000e+01 7.800000000000000000e+01
6.512100000000000000e+04 3.600000000000000000e+01 7.300000000000000000e+01
6.512700000000000000e+04 4.200000000000000000e+01 7.300000000000000000e+01
6.513000000000000000e+04 3.400000000000000000e+01 7.700000000000000000e+01
6.517100000000000000e+04 3.500000000000000000e+01 7.200000000000000000e+01
6.520200000000000000e+04 3.900000000000000000e+01 6.800000000000000000e+01
6.520800000000000000e+04 4.600000000000000000e+01 7.000000000000000000e+01
6.524500000000000000e+04 3.400000000000000000e+01 7.200000000000000000e+01
6.525900000000000000e+04 4.500000000000000000e+01 7.900000000000000000e+01
6.529300000000000000e+04 3.900000000000000000e+01 6.800000000000000000e+01
6.533200000000000000e+04 4.200000000000000000e+01 7.000000000000000000e+01
6.535200000000000000e+04 4.200000000000000000e+01 7.100000000000000000e+01
6.536600000000000000e+04 3.800000000000000000e+01 7.900000000000000000e+01
6.538500000000000000e+04 3.400000000000000000e+01 7.600000000000000000e+01
6.541200000000000000e+04 3.600000000000000000e+01 6.700000000000000000e+01
6.543700000000000000e+04 4.100000000000000000e+01 7.900000000000000000e+01
6.543900000000000000e+04 4.000000000000000000e+01 7.900000000000000000e+01
6.544200000000000000e+04 4.200000000000000000e+01 7.400000000000000000e+01
6.547900000000000000e+04 4.400000000000000000e+01 6.900000000000000000e+01
6.550800000000000000e+04 4.000000000000000000e+01 8.000000000000000000e+01
6.552100000000000000e+04 4.900000000000000000e+01 6.800000000000000000e+01
6.559600000000000000e+04 4.200000000000000000e+01 7.400000000000000000e+01
6.559700000000000000e+04 3.500000000000000000e+01 7.100000000000000000e+01
6.565100000000000000e+04 4.500000000000000000e+01 7.300000000000000000e+01
6.568400000000000000e+04 4.100000000000000000e+01 7.600000000000000000e+01
6.572600000000000000e+04 4.200000000000000000e+01 7.400000000000000000e+01
6.573500000000000000e+04 4.000000000000000000e+01 7.300000000000000000e+01
6.573600000000000000e+04 4.600000000000000000e+01 7.800000000000000000e+01
6.575100000000000000e+04 3.800000000000000000e+01 6.900000000000000000e+01
6.583100000000000000e+04 4.200000000000000000e+01 7.400000000000000000e+01
6.585500000000000000e+04 3.900000000000000000e+01 6.800000000000000000e+01
6.589100000000000000e+04 3.800000000000000000e+01 7.300000000000000000e+01
6.595500000000000000e+04 4.200000000000000000e+01 7.700000000000000000e+01
6.597300000000000000e+04 4.300000000000000000e+01 7.800000000000000000e+01
6.601100000000000000e+04 4.200000000000000000e+01 6.800000000000000000e+01
6.608400000000000000e+04 4.800000000000000000e+01 7.500000000000000000e+01
6.611300000000000000e+04 3.500000000000000000e+01 6.800000000000000000e+01
6.613100000000000000e+04 3.600000000000000000e+01 6.900000000000000000e+01
6.615700000000000000e+04 4.100000000000000000e+01 6.700000000000000000e+01
6.617900000000000000e+04 4.100000000000000000e+01 7.900000000000000000e+01
6.620700000000000000e+04 4.100000000000000000e+01 6.700000000000000000e+01
6.624100000000000000e+04 4.600000000000000000e+01 7.400000000000000000e+01
6.625500000000000000e+04 4.600000000000000000e+01 7.200000000000000000e+01
6.629000000000000000e+04 3.800000000000000000e+01 6.800000000000000000e+01
6.629900000000000000e+04 4.900000000000000000e+01 7.600000000000000000e+01
6.630200000000000000e+04 4.600000000000000000e+01 7.600000000000000000e+01
6.638500000000000000e+04 4.800000000000000000e+01 7.000000000000000000e+01
6.639200000000000000e+04 3.400000000000000000e+01 6.800000000000000000e+01
6.644200000000000000e+04 3.400000000000000000e+01 7.200000000000000000e+01
6.647800000000000000e+04 3.700000000000000000e+01 7.000000000000000000e+01
6.648900000000000000e+04 3.500000000000000000e+01 7.200000000000000000e+01
6.649500000000000000e+04 4.400000000000000000e+01 7.700000000000000000e+01
6.649900000000000000e+04 4.300000000000000000e+01 7.400000000000000000e+01
6.650800000000000000e+04 4.500000000000000000e+01 7.500000000000000000e+01
6.652400000000000000e+04 4.500000000000000000e+01 7.500000000000000000e+01
6.661200000000000000e+04 4.200000000000000000e+01 6.800000000000000000e+01
6.665300000000000000e+04 4.100000000000000000e+01 7.000000000000000000e+01
6.669100000000000000e+04 3.900000000000000000e+01 6.800000000000000000e+01
6.669600000000000000e+04 3.800000000000000000e+01 6.800000000000000000e+01
6.669800000000000000e+04 4.200000000000000000e+01 6.900000000000000000e+01
6.670400000000000000e+04 4.900000000000000000e+01 7.400000000000000000e+01
6.671700000000000000e+04 3.400000000000000000e+01 7.700000000000000000e+01
6.672700000000000000e+04 4.300000000000000000e+01 7.100000000000000000e+01
6.673600000000000000e+04 4.600000000000000000e+01 7.000000000000000000e+01
6.674700000000000000e+04 4.200000000000000000e+01 7.300000000000000000e+01
6.676800000000000000e+04 4.500000000000000000e+01 7.000000000000000000e+01
6.680600000000000000e+04 4.000000000000000000e+01 7.300000000000000000e+01
6.681300000000000000e+04 3.700000000000000000e+01 7.300000000000000000e+01
6.681800000000000000e+04 3.700000000000000000e+01 7.300000000000000000e+01
6.691600000000000000e+04 3.600000000000000000e+01 7.400000000000000000e+01
6.694500000000000000e+04 4.300000000000000000e+01 6.500000000000000000e+01
6.698000000000000000e+04 3.800000000000000000e+01 6.900000000000000000e+01
6.701900000000000000e+04 4.300000000000000000e+01 7.100000000000000000e+01
6.704600000000000000e+04 4.600000000000000000e+01 7.300000000000000000e+01
6.705000000000000000e+04 4.000000000000000000e+01 7.900000000000000000e+01
6.712000000000000000e+04 4.200000000000000000e+01 6.900000000000000000e+01
6.712300000000000000e+04 4.500000000000000000e+01 7.100000000000000000e+01
6.714600000000000000e+04 3.900000000000000000e+01 7.700000000000000000e+01
6.724100000000000000e+04 4.900000000000000000e+01 7.600000000000000000e+01
6.726000000000000000e+04 4.800000000000000000e+01 7.700000000000000000e+01
6.726100000000000000e+04 4.100000000000000000e+01 6.500000000000000000e+01
6.726200000000000000e+04 4.800000000000000000e+01 7.500000000000000000e+01
6.727200000000000000e+04 4.600000000000000000e+01 7.200000000000000000e+01
6.731300000000000000e+04 4.500000000000000000e+01 7.000000000000000000e+01
6.734100000000000000e+04 4.600000000000000000e+01 7.300000000000000000e+01
6.741700000000000000e+04 4.300000000000000000e+01 7.900000000000000000e+01
6.747700000000000000e+04 4.800000000000000000e+01 7.700000000000000000e+01
6.754200000000000000e+04 3.700000000000000000e+01 7.700000000000000000e+01
6.754500000000000000e+04 4.800000000000000000e+01 7.500000000000000000e+01
6.754900000000000000e+04 3.600000000000000000e+01 6.900000000000000000e+01
6.756100000000000000e+04 4.100000000000000000e+01 6.500000000000000000e+01
6.759600000000000000e+04 4.300000000000000000e+01 7.600000000000000000e+01
6.760800000000000000e+04 4.700000000000000000e+01 6.800000000000000000e+01
6.764100000000000000e+04 4.300000000000000000e+01 6.900000000000000000e+01
6.765700000000000000e+04 4.100000000000000000e+01 7.000000000000000000e+01
6.769500000000000000e+04 3.700000000000000000e+01 7.700000000000000000e+01
6.772400000000000000e+04 3.900000000000000000e+01 7.600000000000000000e+01
6.774700000000000000e+04 3.800000000000000000e+01 6.900000000000000000e+01
6.774800000000000000e+04 4.000000000000000000e+01 6.600000000000000000e+01
6.776500000000000000e+04 4.200000000000000000e+01 7.000000000000000000e+01
6.780300000000000000e+04 4.700000000000000000e+01 7.300000000000000000e+01
6.783100000000000000e+04 4.000000000000000000e+01 7.900000000000000000e+01
6.784800000000000000e+04 4.700000000000000000e+01 6.800000000000000000e+01
6.786200000000000000e+04 4.400000000000000000e+01 7.200000000000000000e+01
6.789600000000000000e+04 4.600000000000000000e+01 7.300000000000000000e+01
6.796500000000000000e+04 3.700000000000000000e+01 7.300000000000000000e+01
6.799600000000000000e+04 4.000000000000000000e+01 7.300000000000000000e+01
6.800400000000000000e+04 4.800000000000000000e+01 7.700000000000000000e+01
6.801300000000000000e+04 4.300000000000000000e+01 6.500000000000000000e+01
6.801400000000000000e+04 3.400000000000000000e+01 7.200000000000000000e+01
6.801500000000000000e+04 3.400000000000000000e+01 7.300000000000000000e+01
6.810200000000000000e+04 3.600000000000000000e+01 6.900000000000000000e+01
6.810500000000000000e+04 4.000000000000000000e+01 6.500000000000000000e+01
6.815400000000000000e+04 4.300000000000000000e+01 7.400000000000000000e+01
6.816200000000000000e+04 4.700000000000000000e+01 7.300000000000000000e+01
6.819400000000000000e+04 4.900000000000000000e+01 6.800000000000000000e+01
6.822000000000000000e+04 3.400000000000000000e+01 7.200000000000000000e+01
6.823100000000000000e+04 4.100000000000000000e+01 7.000000000000000000e+01
6.823600000000000000e+04 4.700000000000000000e+01 7.300000000000000000e+01
6.824000000000000000e+04 3.600000000000000000e+01 7.300000000000000000e+01
6.825100000000000000e+04 4.000000000000000000e+01 7.700000000000000000e+01
6.826600000000000000e+04 4.100000000000000000e+01 7.900000000000000000e+01
6.827100000000000000e+04 3.800000000000000000e+01 7.600000000000000000e+01
6.830800000000000000e+04 4.200000000000000000e+01 7.300000000000000000e+01
6.831300000000000000e+04 4.700000000000000000e+01 6.700000000000000000e+01
6.832600000000000000e+04 4.800000000000000000e+01 7.100000000000000000e+01
6.833500000000000000e+04 4.100000000000000000e+01 6.700000000000000000e+01
6.834800000000000000e+04 4.300000000000000000e+01 6.500000000000000000e+01
6.835300000000000000e+04 4.300000000000000000e+01 7.900000000000000000e+01
6.837200000000000000e+04 4.600000000000000000e+01 7.500000000000000000e+01
6.840600000000000000e+04 4.700000000000000000e+01 7.300000000000000000e+01
6.842800000000000000e+04 4.900000000000000000e+01 6.800000000000000000e+01
6.847200000000000000e+04 4.200000000000000000e+01 6.900000000000000000e+01
6.848300000000000000e+04 3.600000000000000000e+01 7.400000000000000000e+01
6.851000000000000000e+04 3.400000000000000000e+01 7.600000000000000000e+01
6.852700000000000000e+04 4.300000000000000000e+01 6.900000000000000000e+01
6.853000000000000000e+04 3.400000000000000000e+01 6.800000000000000000e+01
6.867600000000000000e+04 3.800000000000000000e+01 7.800000000000000000e+01
6.870000000000000000e+04 4.000000000000000000e+01 7.400000000000000000e+01
6.876400000000000000e+04 4.200000000000000000e+01 7.700000000000000000e+01
6.877100000000000000e+04 4.400000000000000000e+01 7.400000000000000000e+01
6.881600000000000000e+04 4.000000000000000000e+01 7.600000000000000000e+01
6.883600000000000000e+04 4.000000000000000000e+01 7.300000000000000000e+01
6.884500000000000000e+04 4.300000000000000000e+01 6.900000000000000000e+01
6.893300000000000000e+04 4.600000000000000000e+01 7.300000000000000000e+01
6.893500000000000000e+04 4.400000000000000000e+01 7.400000000000000000e+01
6.894500000000000000e+04 3.700000000000000000e+01 7.500000000000000000e+01
6.895400000000000000e+04 4.500000000000000000e+01 7.500000000000000000e+01
6.895900000000000000e+04 4.000000000000000000e+01 6.500000000000000000e+01
6.896800000000000000e+04 4.800000000000000000e+01 7.500000000000000000e+01
6.897800000000000000e+04 4.100000000000000000e+01 6.500000000000000000e+01
6.900400000000000000e+04 3.400000000000000000e+01 6.800000000000000000e+01
6.907800000000000000e+04 4.100000000000000000e+01 7.900000000000000000e+01
6.910300000000000000e+04 4.100000000000000000e+01 7.600000000000000000e+01
6.910800000000000000e+04 3.600000000000000000e+01 6.700000000000000000e+01
6.911900000000000000e+04 4.300000000000000000e+01 7.500000000000000000e+01
6.915300000000000000e+04 4.700000000000000000e+01 6.900000000000000000e+01
6.916200000000000000e+04 4.300000000000000000e+01 7.100000000000000000e+01
6.917200000000000000e+04 4.500000000000000000e+01 7.500000000000000000e+01
6.924100000000000000e+04 3.500000000000000000e+01 7.500000000000000000e+01
6.925500000000000000e+04 3.900000000000000000e+01 6.800000000000000000e+01
6.925800000000000000e+04 4.000000000000000000e+01 7.700000000000000000e+01
6.928800000000000000e+04 4.000000000000000000e+01 6.600000000000000000e+01
6.930700000000000000e+04 4.600000000000000000e+01 7.800000000000000000e+01
6.932800000000000000e+04 3.500000000000000000e+01 7.400000000000000000e+01
6.936900000000000000e+04 3.600000000000000000e+01 7.400000000000000000e+01
6.937900000000000000e+04 3.700000000000000000e+01 7.500000000000000000e+01
6.939500000000000000e+04 4.300000000000000000e+01 7.100000000000000000e+01
6.941000000000000000e+04 4.300000000000000000e+01 7.100000000000000000e+01
6.947800000000000000e+04 4.400000000000000000e+01 6.800000000000000000e+01
6.950000000000000000e+04 4.600000000000000000e+01 7.200000000000000000e+01
6.952400000000000000e+04 3.400000000000000000e+01 7.600000000000000000e+01
6.953100000000000000e+04 4.800000000000000000e+01 7.500000000000000000e+01
6.953200000000000000e+04 3.900000000000000000e+01 7.800000000000000000e+01
6.954400000000000000e+04 3.400000000000000000e+01 7.600000000000000000e+01
6.957000000000000000e+04 4.500000000000000000e+01 7.500000000000000000e+01
6.961100000000000000e+04 3.600000000000000000e+01 7.800000000000000000e+01
6.963500000000000000e+04 4.400000000000000000e+01 6.900000000000000000e+01
6.963600000000000000e+04 3.400000000000000000e+01 7.700000000000000000e+01
6.964400000000000000e+04 3.400000000000000000e+01 7.200000000000000000e+01
6.965700000000000000e+04 4.800000000000000000e+01 7.500000000000000000e+01
6.965800000000000000e+04 3.700000000000000000e+01 7.700000000000000000e+01
6.966100000000000000e+04 3.500000000000000000e+01 7.500000000000000000e+01
6.966900000000000000e+04 4.100000000000000000e+01 6.600000000000000000e+01
6.972000000000000000e+04 4.100000000000000000e+01 6.600000000000000000e+01
6.976400000000000000e+04 4.200000000000000000e+01 7.000000000000000000e+01
6.979000000000000000e+04 4.900000000000000000e+01 7.600000000000000000e+01
6.979600000000000000e+04 3.600000000000000000e+01 6.900000000000000000e+01
6.981100000000000000e+04 3.800000000000000000e+01 6.600000000000000000e+01
6.981800000000000000e+04 4.700000000000000000e+01 7.000000000000000000e+01
6.983500000000000000e+04 3.600000000000000000e+01 7.800000000000000000e+01
6.991200000000000000e+04 4.500000000000000000e+01 7.800000000000000000e+01
6.993000000000000000e+04 3.600000000000000000e+01 7.800000000000000000e+01
6.998800000000000000e+04 4.100000000000000000e+01 7.000000000000000000e+01
6.999300000000000000e+04 4.700000000000000000e+01 6.700000000000000000e+01
7.002800000000000000e+04 4.000000000000000000e+01 8.000000000000000000e+01
7.005000000000000000e+04 4.600000000000000000e+01 7.000000000000000000e+01
7.006500000000000000e+04 3.900000000000000000e+01 7.800000000000000000e+01
7.009100000000000000e+04 3.500000000000000000e+01 7.200000000000000000e+01
7.014400000000000000e+04 4.700000000000000000e+01 6.800000000000000000e+01
7.016900000000000000e+04 4.800000000000000000e+01 7.700000000000000000e+01
7.023400000000000000e+04 3.400000000000000000e+01 7.600000000000000000e+01
7.024000000000000000e+04 3.800000000000000000e+01 6.800000000000000000e+01
7.024500000000000000e+04 4.500000000000000000e+01 7.500000000000000000e+01
7.025600000000000000e+04 4.800000000000000000e+01 7.700000000000000000e+01
7.026600000000000000e+04 3.400000000000000000e+01 7.500000000000000000e+01
7.029500000000000000e+04 3.900000000000000000e+01 7.200000000000000000e+01
7.030700000000000000e+04 3.900000000000000000e+01 7.600000000000000000e+01
7.037800000000000000e+04 4.300000000000000000e+01 7.400000000000000000e+01
7.038600000000000000e+04 4.300000000000000000e+01 6.900000000000000000e+01
7.042100000000000000e+04 3.700000000000000000e+01 7.000000000000000000e+01
7.049000000000000000e+04 4.200000000000000000e+01 7.000000000000000000e+01
7.058500000000000000e+04 4.100000000000000000e+01 6.500000000000000000e+01
7.059100000000000000e+04 4.600000000000000000e+01 7.600000000000000000e+01
7.059800000000000000e+04 4.100000000000000000e+01 7.000000000000000000e+01
7.060000000000000000e+04 3.600000000000000000e+01 7.300000000000000000e+01
7.062500000000000000e+04 3.400000000000000000e+01 7.300000000000000000e+01
7.063800000000000000e+04 4.700000000000000000e+01 6.700000000000000000e+01
7.067200000000000000e+04 4.000000000000000000e+01 7.300000000000000000e+01
7.067600000000000000e+04 4.000000000000000000e+01 6.500000000000000000e+01
7.067900000000000000e+04 4.200000000000000000e+01 7.400000000000000000e+01
7.068600000000000000e+04 4.300000000000000000e+01 6.900000000000000000e+01
7.069200000000000000e+04 4.300000000000000000e+01 7.100000000000000000e+01
7.071000000000000000e+04 4.400000000000000000e+01 6.600000000000000000e+01
7.071800000000000000e+04 3.400000000000000000e+01 6.900000000000000000e+01
7.078100000000000000e+04 3.800000000000000000e+01 6.600000000000000000e+01
7.078400000000000000e+04 4.200000000000000000e+01 6.800000000000000000e+01
7.078500000000000000e+04 3.900000000000000000e+01 7.200000000000000000e+01
7.079900000000000000e+04 3.600000000000000000e+01 6.900000000000000000e+01
7.080400000000000000e+04 4.400000000000000000e+01 6.900000000000000000e+01
7.083200000000000000e+04 4.600000000000000000e+01 7.600000000000000000e+01
7.088800000000000000e+04 3.800000000000000000e+01 6.800000000000000000e+01
7.090100000000000000e+04 3.800000000000000000e+01 6.800000000000000000e+01
7.090800000000000000e+04 4.300000000000000000e+01 7.400000000000000000e+01
7.092200000000000000e+04 4.800000000000000000e+01 7.700000000000000000e+01
7.092600000000000000e+04 4.200000000000000000e+01 6.900000000000000000e+01
7.093800000000000000e+04 4.000000000000000000e+01 7.300000000000000000e+01
7.094600000000000000e+04 3.800000000000000000e+01 7.600000000000000000e+01
7.097800000000000000e+04 4.800000000000000000e+01 7.100000000000000000e+01
7.102400000000000000e+04 4.600000000000000000e+01 7.600000000000000000e+01
7.105700000000000000e+04 4.600000000000000000e+01 7.600000000000000000e+01
7.108700000000000000e+04 4.600000000000000000e+01 7.000000000000000000e+01
7.109400000000000000e+04 3.400000000000000000e+01 6.800000000000000000e+01
7.111400000000000000e+04 4.300000000000000000e+01 6.700000000000000000e+01
7.113400000000000000e+04 4.100000000000000000e+01 6.700000000000000000e+01
7.114300000000000000e+04 4.500000000000000000e+01 7.000000000000000000e+01
7.119700000000000000e+04 4.800000000000000000e+01 7.500000000000000000e+01
7.120400000000000000e+04 3.600000000000000000e+01 7.300000000000000000e+01
7.123100000000000000e+04 3.800000000000000000e+01 6.600000000000000000e+01
7.124700000000000000e+04 4.000000000000000000e+01 7.400000000000000000e+01
7.126900000000000000e+04 4.100000000000000000e+01 7.700000000000000000e+01
7.127100000000000000e+04 3.800000000000000000e+01 6.900000000000000000e+01
7.128000000000000000e+04 4.500000000000000000e+01 7.500000000000000000e+01
7.130600000000000000e+04 3.700000000000000000e+01 7.300000000000000000e+01
7.132600000000000000e+04 3.600000000000000000e+01 7.200000000000000000e+01
7.134000000000000000e+04 4.500000000000000000e+01 7.800000000000000000e+01
7.137500000000000000e+04 4.500000000000000000e+01 7.300000000000000000e+01
7.140000000000000000e+04 4.100000000000000000e+01 7.000000000000000000e+01
7.142100000000000000e+04 4.000000000000000000e+01 7.800000000000000000e+01
7.142900000000000000e+04 3.800000000000000000e+01 6.800000000000000000e+01
7.149400000000000000e+04 3.600000000000000000e+01 7.400000000000000000e+01
7.149700000000000000e+04 3.800000000000000000e+01 6.600000000000000000e+01
7.152400000000000000e+04 4.000000000000000000e+01 7.400000000000000000e+01
7.158200000000000000e+04 4.000000000000000000e+01 7.800000000000000000e+01
7.161400000000000000e+04 3.900000000000000000e+01 7.200000000000000000e+01
7.163400000000000000e+04 4.600000000000000000e+01 7.300000000000000000e+01
7.172100000000000000e+04 4.900000000000000000e+01 7.100000000000000000e+01
7.173200000000000000e+04 4.600000000000000000e+01 7.800000000000000000e+01
7.176500000000000000e+04 3.400000000000000000e+01 7.200000000000000000e+01
7.177400000000000000e+04 3.600000000000000000e+01 7.800000000000000000e+01
7.177700000000000000e+04 4.500000000000000000e+01 7.700000000000000000e+01
7.178700000000000000e+04 4.000000000000000000e+01 7.100000000000000000e+01
7.181100000000000000e+04 4.000000000000000000e+01 6.900000000000000000e+01
7.182000000000000000e+04 4.200000000000000000e+01 7.900000000000000000e+01
7.182900000000000000e+04 4.200000000000000000e+01 7.700000000000000000e+01
7.187800000000000000e+04 4.000000000000000000e+01 7.800000000000000000e+01
7.188300000000000000e+04 4.500000000000000000e+01 7.800000000000000000e+01
7.189400000000000000e+04 4.600000000000000000e+01 7.300000000000000000e+01
7.190700000000000000e+04 3.400000000000000000e+01 6.800000000000000000e+01
7.192300000000000000e+04 3.900000000000000000e+01 7.100000000000000000e+01
7.196800000000000000e+04 4.000000000000000000e+01 6.900000000000000000e+01
7.200500000000000000e+04 4.200000000000000000e+01 7.400000000000000000e+01
7.200700000000000000e+04 4.500000000000000000e+01 7.800000000000000000e+01
7.200800000000000000e+04 4.400000000000000000e+01 7.200000000000000000e+01
7.201600000000000000e+04 4.800000000000000000e+01 7.100000000000000000e+01
7.202300000000000000e+04 4.100000000000000000e+01 7.300000000000000000e+01
7.204500000000000000e+04 4.600000000000000000e+01 7.300000000000000000e+01
7.208900000000000000e+04 3.700000000000000000e+01 7.700000000000000000e+01
7.212600000000000000e+04 4.600000000000000000e+01 7.500000000000000000e+01
7.213100000000000000e+04 4.700000000000000000e+01 7.000000000000000000e+01
7.213300000000000000e+04 4.000000000000000000e+01 7.800000000000000000e+01
7.216000000000000000e+04 4.200000000000000000e+01 7.700000000000000000e+01
7.223800000000000000e+04 4.100000000000000000e+01 6.500000000000000000e+01
7.236500000000000000e+04 4.800000000000000000e+01 7.400000000000000000e+01
7.237200000000000000e+04 4.300000000000000000e+01 6.500000000000000000e+01
7.240200000000000000e+04 4.800000000000000000e+01 6.900000000000000000e+01
7.240600000000000000e+04 4.500000000000000000e+01 7.900000000000000000e+01
7.250200000000000000e+04 4.300000000000000000e+01 7.100000000000000000e+01
7.258700000000000000e+04 4.300000000000000000e+01 7.100000000000000000e+01
7.260600000000000000e+04 3.800000000000000000e+01 6.900000000000000000e+01
7.261900000000000000e+04 4.100000000000000000e+01 7.900000000000000000e+01
7.262300000000000000e+04 4.000000000000000000e+01 7.700000000000000000e+01
7.262500000000000000e+04 4.300000000000000000e+01 7.800000000000000000e+01
7.262600000000000000e+04 4.900000000000000000e+01 7.600000000000000000e+01
7.263500000000000000e+04 4.800000000000000000e+01 7.500000000000000000e+01
7.264000000000000000e+04 4.800000000000000000e+01 7.700000000000000000e+01
7.268500000000000000e+04 4.800000000000000000e+01 7.100000000000000000e+01
7.268700000000000000e+04 3.800000000000000000e+01 6.900000000000000000e+01
7.269700000000000000e+04 4.100000000000000000e+01 7.700000000000000000e+01
7.272100000000000000e+04 4.400000000000000000e+01 6.600000000000000000e+01
7.275600000000000000e+04 4.900000000000000000e+01 6.800000000000000000e+01
7.277700000000000000e+04 3.600000000000000000e+01 7.700000000000000000e+01
7.280800000000000000e+04 4.200000000000000000e+01 6.800000000000000000e+01
7.281000000000000000e+04 4.200000000000000000e+01 7.400000000000000000e+01
7.283500000000000000e+04 4.500000000000000000e+01 7.700000000000000000e+01
7.290700000000000000e+04 4.600000000000000000e+01 7.400000000000000000e+01
7.291800000000000000e+04 3.500000000000000000e+01 7.500000000000000000e+01
7.292100000000000000e+04 3.900000000000000000e+01 7.600000000000000000e+01
7.295700000000000000e+04 3.400000000000000000e+01 7.200000000000000000e+01
7.300500000000000000e+04 3.800000000000000000e+01 7.500000000000000000e+01
7.303700000000000000e+04 4.400000000000000000e+01 7.700000000000000000e+01
7.304000000000000000e+04 4.200000000000000000e+01 6.900000000000000000e+01
7.309800000000000000e+04 3.800000000000000000e+01 6.600000000000000000e+01
7.312500000000000000e+04 4.200000000000000000e+01 7.700000000000000000e+01
7.314500000000000000e+04 4.000000000000000000e+01 7.300000000000000000e+01
7.316600000000000000e+04 3.900000000000000000e+01 7.000000000000000000e+01
7.317600000000000000e+04 3.700000000000000000e+01 7.100000000000000000e+01
7.319000000000000000e+04 3.400000000000000000e+01 7.200000000000000000e+01
7.321300000000000000e+04 4.400000000000000000e+01 6.900000000000000000e+01
7.324700000000000000e+04 4.000000000000000000e+01 6.500000000000000000e+01
7.326800000000000000e+04 4.300000000000000000e+01 7.800000000000000000e+01
7.329400000000000000e+04 3.400000000000000000e+01 6.900000000000000000e+01
7.335200000000000000e+04 4.600000000000000000e+01 7.300000000000000000e+01
7.341800000000000000e+04 4.300000000000000000e+01 7.100000000000000000e+01
7.345200000000000000e+04 4.800000000000000000e+01 7.700000000000000000e+01
7.345500000000000000e+04 4.700000000000000000e+01 7.600000000000000000e+01
7.346000000000000000e+04 4.200000000000000000e+01 7.700000000000000000e+01
7.346200000000000000e+04 4.600000000000000000e+01 7.000000000000000000e+01
7.348200000000000000e+04 4.900000000000000000e+01 7.600000000000000000e+01
7.348400000000000000e+04 4.500000000000000000e+01 7.500000000000000000e+01
7.352800000000000000e+04 4.600000000000000000e+01 7.000000000000000000e+01
7.353800000000000000e+04 4.100000000000000000e+01 7.900000000000000000e+01
7.356900000000000000e+04 3.600000000000000000e+01 7.400000000000000000e+01
7.358100000000000000e+04 4.400000000000000000e+01 7.700000000000000000e+01
7.360100000000000000e+04 4.900000000000000000e+01 7.200000000000000000e+01
7.361500000000000000e+04 3.700000000000000000e+01 7.500000000000000000e+01
7.366200000000000000e+04 3.800000000000000000e+01 6.800000000000000000e+01
7.366300000000000000e+04 4.300000000000000000e+01 7.100000000000000000e+01
7.367200000000000000e+04 4.800000000000000000e+01 7.700000000000000000e+01
7.369600000000000000e+04 3.800000000000000000e+01 6.900000000000000000e+01
7.376700000000000000e+04 4.100000000000000000e+01 7.900000000000000000e+01
7.378900000000000000e+04 4.600000000000000000e+01 7.000000000000000000e+01
7.391600000000000000e+04 3.600000000000000000e+01 7.400000000000000000e+01
7.391800000000000000e+04 4.300000000000000000e+01 7.800000000000000000e+01
7.393600000000000000e+04 4.300000000000000000e+01 6.900000000000000000e+01
7.395000000000000000e+04 3.400000000000000000e+01 7.300000000000000000e+01
7.398200000000000000e+04 4.300000000000000000e+01 6.500000000000000000e+01
7.401600000000000000e+04 4.000000000000000000e+01 6.500000000000000000e+01
7.403800000000000000e+04 3.400000000000000000e+01 6.800000000000000000e+01
7.403900000000000000e+04 3.900000000000000000e+01 7.600000000000000000e+01
7.411800000000000000e+04 4.000000000000000000e+01 6.900000000000000000e+01
7.413700000000000000e+04 4.100000000000000000e+01 6.500000000000000000e+01
7.417300000000000000e+04 3.400000000000000000e+01 7.200000000000000000e+01
7.419200000000000000e+04 4.000000000000000000e+01 8.000000000000000000e+01
7.420700000000000000e+04 4.600000000000000000e+01 7.500000000000000000e+01
7.422200000000000000e+04 4.000000000000000000e+01 6.900000000000000000e+01
7.424700000000000000e+04 3.600000000000000000e+01 7.200000000000000000e+01
7.427500000000000000e+04 3.400000000000000000e+01 7.300000000000000000e+01
7.431100000000000000e+04 4.000000000000000000e+01 7.900000000000000000e+01
7.432400000000000000e+04 3.800000000000000000e+01 7.300000000000000000e+01
7.432600000000000000e+04 3.400000000000000000e+01 7.700000000000000000e+01
7.440700000000000000e+04 3.700000000000000000e+01 7.500000000000000000e+01
7.441000000000000000e+04 4.800000000000000000e+01 7.700000000000000000e+01
7.442900000000000000e+04 4.800000000000000000e+01 7.000000000000000000e+01
7.443700000000000000e+04 4.600000000000000000e+01 7.200000000000000000e+01
7.445800000000000000e+04 4.500000000000000000e+01 7.600000000000000000e+01
7.447000000000000000e+04 4.100000000000000000e+01 6.700000000000000000e+01
7.453600000000000000e+04 4.600000000000000000e+01 7.500000000000000000e+01
7.454900000000000000e+04 3.800000000000000000e+01 7.600000000000000000e+01
7.456800000000000000e+04 4.200000000000000000e+01 7.900000000000000000e+01
7.458000000000000000e+04 3.900000000000000000e+01 7.200000000000000000e+01
7.463300000000000000e+04 3.400000000000000000e+01 6.800000000000000000e+01
7.466300000000000000e+04 3.500000000000000000e+01 7.200000000000000000e+01
7.469400000000000000e+04 4.400000000000000000e+01 7.400000000000000000e+01
7.478100000000000000e+04 4.100000000000000000e+01 7.500000000000000000e+01
7.478700000000000000e+04 4.300000000000000000e+01 7.100000000000000000e+01
7.480800000000000000e+04 4.000000000000000000e+01 6.500000000000000000e+01
7.484900000000000000e+04 4.400000000000000000e+01 6.600000000000000000e+01
7.485700000000000000e+04 4.400000000000000000e+01 6.900000000000000000e+01
7.487800000000000000e+04 4.400000000000000000e+01 7.200000000000000000e+01
7.489400000000000000e+04 4.100000000000000000e+01 7.000000000000000000e+01
7.502700000000000000e+04 4.900000000000000000e+01 6.800000000000000000e+01
7.507200000000000000e+04 3.400000000000000000e+01 7.300000000000000000e+01
7.508300000000000000e+04 4.200000000000000000e+01 7.400000000000000000e+01
7.509600000000000000e+04 3.800000000000000000e+01 7.800000000000000000e+01
7.514100000000000000e+04 4.200000000000000000e+01 6.800000000000000000e+01
7.521000000000000000e+04 4.600000000000000000e+01 7.000000000000000000e+01
7.521500000000000000e+04 3.900000000000000000e+01 6.800000000000000000e+01
7.524100000000000000e+04 3.400000000000000000e+01 6.900000000000000000e+01
7.525700000000000000e+04 4.000000000000000000e+01 7.800000000000000000e+01
7.530200000000000000e+04 4.200000000000000000e+01 7.000000000000000000e+01
7.532900000000000000e+04 4.700000000000000000e+01 6.800000000000000000e+01
7.533100000000000000e+04 3.700000000000000000e+01 7.500000000000000000e+01
7.534200000000000000e+04 4.100000000000000000e+01 8.000000000000000000e+01
7.538700000000000000e+04 3.600000000000000000e+01 6.900000000000000000e+01
7.539100000000000000e+04 4.900000000000000000e+01 6.800000000000000000e+01
7.539600000000000000e+04 4.800000000000000000e+01 7.700000000000000000e+01
7.539800000000000000e+04 3.400000000000000000e+01 7.000000000000000000e+01
7.545500000000000000e+04 3.500000000000000000e+01 7.200000000000000000e+01
7.548200000000000000e+04 4.800000000000000000e+01 7.500000000000000000e+01
7.549100000000000000e+04 3.700000000000000000e+01 7.500000000000000000e+01
7.552800000000000000e+04 3.400000000000000000e+01 6.800000000000000000e+01
7.554100000000000000e+04 3.400000000000000000e+01 6.900000000000000000e+01
7.555200000000000000e+04 3.800000000000000000e+01 6.600000000000000000e+01
7.558600000000000000e+04 4.800000000000000000e+01 7.100000000000000000e+01
7.559100000000000000e+04 4.300000000000000000e+01 8.000000000000000000e+01
7.560400000000000000e+04 4.900000000000000000e+01 7.600000000000000000e+01
7.561000000000000000e+04 4.700000000000000000e+01 6.800000000000000000e+01
7.565300000000000000e+04 4.100000000000000000e+01 6.500000000000000000e+01
7.565500000000000000e+04 4.800000000000000000e+01 7.700000000000000000e+01
7.566500000000000000e+04 4.400000000000000000e+01 6.600000000000000000e+01
7.567000000000000000e+04 4.100000000000000000e+01 7.900000000000000000e+01
7.571400000000000000e+04 4.200000000000000000e+01 7.000000000000000000e+01
7.576200000000000000e+04 4.100000000000000000e+01 6.500000000000000000e+01
7.576400000000000000e+04 3.400000000000000000e+01 7.600000000000000000e+01
7.576900000000000000e+04 4.700000000000000000e+01 6.800000000000000000e+01
7.578100000000000000e+04 4.400000000000000000e+01 7.400000000000000000e+01
7.587100000000000000e+04 4.900000000000000000e+01 6.800000000000000000e+01
7.587700000000000000e+04 3.400000000000000000e+01 6.800000000000000000e+01
7.589000000000000000e+04 3.900000000000000000e+01 7.000000000000000000e+01
7.594100000000000000e+04 4.600000000000000000e+01 7.800000000000000000e+01
7.595600000000000000e+04 3.800000000000000000e+01 7.300000000000000000e+01
7.595900000000000000e+04 4.400000000000000000e+01 6.600000000000000000e+01
7.596600000000000000e+04 3.400000000000000000e+01 7.000000000000000000e+01
7.602800000000000000e+04 3.700000000000000000e+01 7.500000000000000000e+01
7.603600000000000000e+04 3.700000000000000000e+01 7.700000000000000000e+01
7.610600000000000000e+04 4.000000000000000000e+01 6.900000000000000000e+01
7.610800000000000000e+04 4.300000000000000000e+01 7.500000000000000000e+01
7.612800000000000000e+04 4.300000000000000000e+01 7.600000000000000000e+01
7.613700000000000000e+04 3.500000000000000000e+01 7.100000000000000000e+01
7.615500000000000000e+04 3.600000000000000000e+01 7.400000000000000000e+01
7.618000000000000000e+04 3.600000000000000000e+01 7.800000000000000000e+01
7.618100000000000000e+04 3.400000000000000000e+01 7.500000000000000000e+01
7.626600000000000000e+04 4.200000000000000000e+01 7.700000000000000000e+01
7.630300000000000000e+04 4.000000000000000000e+01 7.300000000000000000e+01
7.630500000000000000e+04 3.800000000000000000e+01 6.800000000000000000e+01
7.635500000000000000e+04 4.100000000000000000e+01 7.600000000000000000e+01
7.636200000000000000e+04 4.000000000000000000e+01 8.000000000000000000e+01
7.637200000000000000e+04 3.700000000000000000e+01 7.500000000000000000e+01
7.639100000000000000e+04 3.500000000000000000e+01 7.200000000000000000e+01
7.646900000000000000e+04 4.000000000000000000e+01 7.400000000000000000e+01
7.647300000000000000e+04 4.800000000000000000e+01 7.700000000000000000e+01
7.651200000000000000e+04 3.400000000000000000e+01 7.500000000000000000e+01
7.654300000000000000e+04 3.400000000000000000e+01 7.200000000000000000e+01
7.654600000000000000e+04 4.500000000000000000e+01 7.800000000000000000e+01
7.657900000000000000e+04 4.000000000000000000e+01 7.900000000000000000e+01
7.659400000000000000e+04 4.100000000000000000e+01 7.900000000000000000e+01
7.660600000000000000e+04 4.400000000000000000e+01 7.700000000000000000e+01
7.661400000000000000e+04 4.300000000000000000e+01 6.900000000000000000e+01
7.673100000000000000e+04 4.200000000000000000e+01 7.100000000000000000e+01
7.675500000000000000e+04 3.800000000000000000e+01 7.300000000000000000e+01
7.678900000000000000e+04 3.400000000000000000e+01 7.200000000000000000e+01
7.682200000000000000e+04 4.500000000000000000e+01 7.500000000000000000e+01
7.683400000000000000e+04 4.200000000000000000e+01 7.300000000000000000e+01
7.685400000000000000e+04 3.400000000000000000e+01 6.800000000000000000e+01
7.689100000000000000e+04 4.400000000000000000e+01 6.800000000000000000e+01
7.696200000000000000e+04 3.500000000000000000e+01 7.000000000000000000e+01
7.697200000000000000e+04 3.700000000000000000e+01 7.000000000000000000e+01
7.700900000000000000e+04 4.100000000000000000e+01 7.000000000000000000e+01
7.701500000000000000e+04 4.500000000000000000e+01 7.900000000000000000e+01
7.706400000000000000e+04 3.800000000000000000e+01 6.900000000000000000e+01
7.707400000000000000e+04 4.300000000000000000e+01 7.100000000000000000e+01
7.707700000000000000e+04 4.000000000000000000e+01 6.500000000000000000e+01
7.708800000000000000e+04 3.500000000000000000e+01 7.500000000000000000e+01
7.712700000000000000e+04 3.700000000000000000e+01 7.000000000000000000e+01
7.713500000000000000e+04 3.400000000000000000e+01 6.800000000000000000e+01
7.717100000000000000e+04 3.900000000000000000e+01 7.600000000000000000e+01
7.720600000000000000e+04 3.500000000000000000e+01 7.500000000000000000e+01
7.731800000000000000e+04 3.800000000000000000e+01 6.600000000000000000e+01
7.738200000000000000e+04 4.100000000000000000e+01 6.700000000000000000e+01
7.740000000000000000e+04 3.600000000000000000e+01 7.700000000000000000e+01
7.740700000000000000e+04 3.900000000000000000e+01 7.000000000000000000e+01
7.741400000000000000e+04 4.600000000000000000e+01 7.300000000000000000e+01
7.744200000000000000e+04 4.000000000000000000e+01 6.500000000000000000e+01
7.745900000000000000e+04 3.900000000000000000e+01 6.800000000000000000e+01
7.750700000000000000e+04 4.300000000000000000e+01 7.500000000000000000e+01
7.751100000000000000e+04 4.100000000000000000e+01 6.500000000000000000e+01
7.751400000000000000e+04 4.200000000000000000e+01 7.700000000000000000e+01
7.755100000000000000e+04 3.700000000000000000e+01 7.100000000000000000e+01
7.758900000000000000e+04 3.400000000000000000e+01 7.300000000000000000e+01
7.761100000000000000e+04 3.600000000000000000e+01 6.900000000000000000e+01
7.766200000000000000e+04 4.200000000000000000e+01 6.900000000000000000e+01
7.767500000000000000e+04 4.900000000000000000e+01 7.600000000000000000e+01
7.773800000000000000e+04 3.900000000000000000e+01 6.500000000000000000e+01
7.775900000000000000e+04 3.400000000000000000e+01 7.000000000000000000e+01
7.779500000000000000e+04 4.600000000000000000e+01 7.600000000000000000e+01
7.785700000000000000e+04 3.400000000000000000e+01 7.300000000000000000e+01
7.787500000000000000e+04 3.700000000000000000e+01 7.500000000000000000e+01
7.788000000000000000e+04 4.500000000000000000e+01 7.500000000000000000e+01
7.791700000000000000e+04 4.300000000000000000e+01 6.500000000000000000e+01
7.792500000000000000e+04 3.500000000000000000e+01 7.200000000000000000e+01
7.800400000000000000e+04 4.000000000000000000e+01 7.300000000000000000e+01
7.801000000000000000e+04 4.100000000000000000e+01 8.000000000000000000e+01
7.802800000000000000e+04 4.200000000000000000e+01 7.300000000000000000e+01
7.804600000000000000e+04 3.400000000000000000e+01 6.900000000000000000e+01
7.808900000000000000e+04 4.900000000000000000e+01 6.800000000000000000e+01
7.812300000000000000e+04 4.100000000000000000e+01 6.700000000000000000e+01
7.814300000000000000e+04 4.300000000000000000e+01 7.900000000000000000e+01
7.817900000000000000e+04 3.600000000000000000e+01 7.400000000000000000e+01
7.827700000000000000e+04 4.100000000000000000e+01 8.000000000000000000e+01
7.834800000000000000e+04 4.100000000000000000e+01 7.000000000000000000e+01
7.835300000000000000e+04 3.400000000000000000e+01 7.300000000000000000e+01
7.842000000000000000e+04 4.800000000000000000e+01 7.500000000000000000e+01
7.843200000000000000e+04 4.100000000000000000e+01 7.900000000000000000e+01
7.850100000000000000e+04 3.600000000000000000e+01 7.400000000000000000e+01
7.855700000000000000e+04 3.500000000000000000e+01 7.000000000000000000e+01
7.858100000000000000e+04 4.100000000000000000e+01 6.500000000000000000e+01
7.861600000000000000e+04 4.600000000000000000e+01 7.500000000000000000e+01
7.862600000000000000e+04 4.400000000000000000e+01 7.400000000000000000e+01
7.863300000000000000e+04 4.800000000000000000e+01 7.700000000000000000e+01
7.863500000000000000e+04 4.500000000000000000e+01 7.000000000000000000e+01
7.865100000000000000e+04 3.400000000000000000e+01 6.800000000000000000e+01
7.876800000000000000e+04 3.800000000000000000e+01 6.600000000000000000e+01
7.877000000000000000e+04 3.900000000000000000e+01 7.800000000000000000e+01
7.877300000000000000e+04 4.700000000000000000e+01 6.700000000000000000e+01
7.879000000000000000e+04 4.300000000000000000e+01 7.400000000000000000e+01
7.880100000000000000e+04 4.800000000000000000e+01 7.000000000000000000e+01
7.882300000000000000e+04 4.300000000000000000e+01 7.800000000000000000e+01
7.886100000000000000e+04 4.500000000000000000e+01 7.800000000000000000e+01
7.887200000000000000e+04 4.400000000000000000e+01 6.600000000000000000e+01
7.887900000000000000e+04 3.700000000000000000e+01 7.000000000000000000e+01
7.889600000000000000e+04 3.900000000000000000e+01 7.000000000000000000e+01
7.891600000000000000e+04 3.900000000000000000e+01 6.800000000000000000e+01
7.896200000000000000e+04 3.400000000000000000e+01 7.200000000000000000e+01
7.906600000000000000e+04 4.100000000000000000e+01 6.700000000000000000e+01
7.916800000000000000e+04 4.700000000000000000e+01 7.300000000000000000e+01
7.917800000000000000e+04 4.400000000000000000e+01 6.600000000000000000e+01
7.919200000000000000e+04 3.400000000000000000e+01 7.200000000000000000e+01
7.927000000000000000e+04 4.100000000000000000e+01 6.500000000000000000e+01
7.931800000000000000e+04 4.800000000000000000e+01 7.700000000000000000e+01
7.933300000000000000e+04 3.800000000000000000e+01 7.600000000000000000e+01
7.933900000000000000e+04 4.100000000000000000e+01 7.900000000000000000e+01
7.941500000000000000e+04 3.600000000000000000e+01 6.900000000000000000e+01
7.943300000000000000e+04 3.700000000000000000e+01 7.500000000000000000e+01
7.947100000000000000e+04 4.200000000000000000e+01 7.700000000000000000e+01
7.948100000000000000e+04 3.800000000000000000e+01 6.900000000000000000e+01
7.949100000000000000e+04 3.800000000000000000e+01 6.800000000000000000e+01
7.949800000000000000e+04 3.600000000000000000e+01 6.700000000000000000e+01
7.957500000000000000e+04 3.700000000000000000e+01 7.700000000000000000e+01
7.959600000000000000e+04 3.700000000000000000e+01 7.300000000000000000e+01
7.961000000000000000e+04 3.400000000000000000e+01 7.300000000000000000e+01
7.967700000000000000e+04 3.400000000000000000e+01 7.700000000000000000e+01
7.971600000000000000e+04 3.800000000000000000e+01 6.600000000000000000e+01
7.973000000000000000e+04 4.800000000000000000e+01 7.000000000000000000e+01
7.973500000000000000e+04 3.400000000000000000e+01 7.700000000000000000e+01
7.979900000000000000e+04 4.400000000000000000e+01 7.400000000000000000e+01
7.981600000000000000e+04 4.100000000000000000e+01 7.000000000000000000e+01
7.987000000000000000e+04 4.100000000000000000e+01 6.700000000000000000e+01
7.988000000000000000e+04 3.500000000000000000e+01 7.500000000000000000e+01
7.989300000000000000e+04 4.400000000000000000e+01 7.200000000000000000e+01
7.992600000000000000e+04 4.000000000000000000e+01 6.900000000000000000e+01
7.999400000000000000e+04 4.800000000000000000e+01 7.500000000000000000e+01
8.002500000000000000e+04 3.400000000000000000e+01 6.800000000000000000e+01
8.010700000000000000e+04 3.800000000000000000e+01 7.800000000000000000e+01
8.010900000000000000e+04 3.400000000000000000e+01 7.000000000000000000e+01
8.011100000000000000e+04 3.900000000000000000e+01 7.100000000000000000e+01
8.012600000000000000e+04 3.400000000000000000e+01 6.900000000000000000e+01
8.016000000000000000e+04 4.600000000000000000e+01 7.200000000000000000e+01
8.019200000000000000e+04 4.500000000000000000e+01 7.400000000000000000e+01
8.019600000000000000e+04 4.100000000000000000e+01 6.500000000000000000e+01
8.021200000000000000e+04 4.400000000000000000e+01 7.700000000000000000e+01
8.025300000000000000e+04 4.800000000000000000e+01 7.700000000000000000e+01
8.025800000000000000e+04 4.000000000000000000e+01 7.700000000000000000e+01
8.028100000000000000e+04 4.300000000000000000e+01 7.100000000000000000e+01
8.031700000000000000e+04 4.900000000000000000e+01 6.800000000000000000e+01
8.032500000000000000e+04 4.500000000000000000e+01 7.500000000000000000e+01
8.034700000000000000e+04 3.500000000000000000e+01 7.100000000000000000e+01
8.041000000000000000e+04 4.300000000000000000e+01 7.400000000000000000e+01
8.043200000000000000e+04 4.800000000000000000e+01 7.700000000000000000e+01
8.045600000000000000e+04 4.800000000000000000e+01 7.000000000000000000e+01
8.051300000000000000e+04 3.900000000000000000e+01 7.800000000000000000e+01
8.064100000000000000e+04 4.700000000000000000e+01 7.000000000000000000e+01
8.067500000000000000e+04 3.600000000000000000e+01 7.700000000000000000e+01
8.067800000000000000e+04 3.800000000000000000e+01 6.600000000000000000e+01
8.069200000000000000e+04 4.600000000000000000e+01 7.800000000000000000e+01
8.071500000000000000e+04 4.100000000000000000e+01 7.300000000000000000e+01
8.074000000000000000e+04 3.600000000000000000e+01 7.400000000000000000e+01
8.075700000000000000e+04 3.800000000000000000e+01 7.600000000000000000e+01
8.077900000000000000e+04 4.100000000000000000e+01 6.500000000000000000e+01
8.082900000000000000e+04 4.100000000000000000e+01 7.000000000000000000e+01
8.091500000000000000e+04 3.600000000000000000e+01 7.700000000000000000e+01
8.096200000000000000e+04 4.100000000000000000e+01 7.200000000000000000e+01
8.096500000000000000e+04 4.400000000000000000e+01 6.600000000000000000e+01
8.102000000000000000e+04 4.100000000000000000e+01 7.000000000000000000e+01
8.103700000000000000e+04 4.000000000000000000e+01 7.900000000000000000e+01
8.104500000000000000e+04 4.700000000000000000e+01 6.700000000000000000e+01
8.110500000000000000e+04 3.800000000000000000e+01 7.800000000000000000e+01
8.118300000000000000e+04 4.200000000000000000e+01 7.300000000000000000e+01
8.121000000000000000e+04 4.300000000000000000e+01 6.500000000000000000e+01
8.121500000000000000e+04 3.800000000000000000e+01 6.600000000000000000e+01
8.124400000000000000e+04 4.100000000000000000e+01 6.600000000000000000e+01
8.125700000000000000e+04 4.000000000000000000e+01 7.300000000000000000e+01
8.131100000000000000e+04 4.000000000000000000e+01 7.300000000000000000e+01
8.132700000000000000e+04 4.000000000000000000e+01 7.400000000000000000e+01
8.133800000000000000e+04 3.800000000000000000e+01 6.800000000000000000e+01
8.134600000000000000e+04 3.900000000000000000e+01 7.000000000000000000e+01
8.135700000000000000e+04 4.500000000000000000e+01 7.500000000000000000e+01
8.137000000000000000e+04 3.800000000000000000e+01 6.800000000000000000e+01
8.138200000000000000e+04 4.600000000000000000e+01 7.200000000000000000e+01
8.138600000000000000e+04 4.800000000000000000e+01 7.700000000000000000e+01
8.145100000000000000e+04 3.400000000000000000e+01 7.600000000000000000e+01
8.145500000000000000e+04 4.100000000000000000e+01 8.000000000000000000e+01
8.147300000000000000e+04 4.400000000000000000e+01 6.800000000000000000e+01
8.148900000000000000e+04 4.200000000000000000e+01 6.800000000000000000e+01
8.150300000000000000e+04 4.600000000000000000e+01 7.600000000000000000e+01
8.150900000000000000e+04 4.000000000000000000e+01 6.900000000000000000e+01
8.153000000000000000e+04 4.000000000000000000e+01 7.800000000000000000e+01
8.156200000000000000e+04 4.500000000000000000e+01 7.500000000000000000e+01
8.161800000000000000e+04 3.800000000000000000e+01 6.900000000000000000e+01
8.162400000000000000e+04 4.000000000000000000e+01 6.900000000000000000e+01
8.162700000000000000e+04 4.300000000000000000e+01 7.100000000000000000e+01
8.162800000000000000e+04 4.100000000000000000e+01 8.000000000000000000e+01
8.163500000000000000e+04 3.800000000000000000e+01 6.900000000000000000e+01
8.164600000000000000e+04 4.400000000000000000e+01 7.700000000000000000e+01
8.166700000000000000e+04 4.300000000000000000e+01 7.900000000000000000e+01
8.167200000000000000e+04 3.600000000000000000e+01 7.800000000000000000e+01
8.169700000000000000e+04 4.000000000000000000e+01 6.600000000000000000e+01
8.171100000000000000e+04 4.800000000000000000e+01 7.000000000000000000e+01
8.172200000000000000e+04 3.600000000000000000e+01 7.300000000000000000e+01
8.172800000000000000e+04 4.300000000000000000e+01 7.100000000000000000e+01
8.173900000000000000e+04 4.300000000000000000e+01 6.500000000000000000e+01
8.174000000000000000e+04 3.900000000000000000e+01 6.800000000000000000e+01
8.176300000000000000e+04 4.800000000000000000e+01 7.700000000000000000e+01
8.178400000000000000e+04 4.100000000000000000e+01 7.900000000000000000e+01
8.179600000000000000e+04 4.100000000000000000e+01 7.000000000000000000e+01
8.180600000000000000e+04 3.500000000000000000e+01 7.200000000000000000e+01
8.188500000000000000e+04 4.000000000000000000e+01 6.600000000000000000e+01
8.191500000000000000e+04 3.800000000000000000e+01 6.600000000000000000e+01
8.196700000000000000e+04 3.400000000000000000e+01 7.300000000000000000e+01
8.197500000000000000e+04 4.300000000000000000e+01 7.600000000000000000e+01
8.197900000000000000e+04 4.900000000000000000e+01 6.800000000000000000e+01
8.199200000000000000e+04 3.700000000000000000e+01 7.700000000000000000e+01
8.203600000000000000e+04 4.200000000000000000e+01 7.700000000000000000e+01
8.204700000000000000e+04 4.400000000000000000e+01 6.600000000000000000e+01
8.206100000000000000e+04 4.300000000000000000e+01 7.500000000000000000e+01
8.206300000000000000e+04 4.200000000000000000e+01 6.900000000000000000e+01
8.209800000000000000e+04 3.400000000000000000e+01 7.600000000000000000e+01
8.215700000000000000e+04 4.500000000000000000e+01 7.900000000000000000e+01
8.215900000000000000e+04 4.600000000000000000e+01 7.200000000000000000e+01
8.219400000000000000e+04 4.000000000000000000e+01 6.600000000000000000e+01
8.222300000000000000e+04 3.900000000000000000e+01 6.700000000000000000e+01
8.222600000000000000e+04 3.700000000000000000e+01 7.100000000000000000e+01
8.223700000000000000e+04 3.900000000000000000e+01 7.100000000000000000e+01
8.225200000000000000e+04 4.400000000000000000e+01 7.400000000000000000e+01
8.226600000000000000e+04 4.900000000000000000e+01 6.800000000000000000e+01
8.227100000000000000e+04 4.300000000000000000e+01 7.400000000000000000e+01
8.231800000000000000e+04 3.400000000000000000e+01 7.700000000000000000e+01
8.234000000000000000e+04 4.900000000000000000e+01 6.800000000000000000e+01
8.236200000000000000e+04 4.300000000000000000e+01 7.900000000000000000e+01
8.236300000000000000e+04 3.900000000000000000e+01 7.200000000000000000e+01
8.236400000000000000e+04 3.700000000000000000e+01 7.500000000000000000e+01
8.237200000000000000e+04 3.800000000000000000e+01 7.600000000000000000e+01
8.237300000000000000e+04 4.000000000000000000e+01 7.900000000000000000e+01
8.241600000000000000e+04 4.300000000000000000e+01 8.000000000000000000e+01
8.249700000000000000e+04 4.300000000000000000e+01 7.800000000000000000e+01
8.253400000000000000e+04 3.800000000000000000e+01 6.800000000000000000e+01
8.253800000000000000e+04 4.200000000000000000e+01 7.700000000000000000e+01
8.264200000000000000e+04 4.600000000000000000e+01 7.200000000000000000e+01
8.268700000000000000e+04 3.400000000000000000e+01 7.600000000000000000e+01
8.270000000000000000e+04 3.600000000000000000e+01 7.400000000000000000e+01
8.272900000000000000e+04 4.000000000000000000e+01 6.500000000000000000e+01
8.274500000000000000e+04 4.100000000000000000e+01 6.700000000000000000e+01
8.274800000000000000e+04 4.800000000000000000e+01 7.700000000000000000e+01
8.275600000000000000e+04 3.400000000000000000e+01 7.300000000000000000e+01
8.276100000000000000e+04 4.300000000000000000e+01 7.100000000000000000e+01
8.278700000000000000e+04 4.300000000000000000e+01 7.100000000000000000e+01
8.286500000000000000e+04 4.900000000000000000e+01 7.600000000000000000e+01
8.287800000000000000e+04 4.000000000000000000e+01 8.000000000000000000e+01
8.292600000000000000e+04 4.100000000000000000e+01 6.400000000000000000e+01
8.293100000000000000e+04 3.500000000000000000e+01 7.200000000000000000e+01
8.294200000000000000e+04 3.900000000000000000e+01 7.100000000000000000e+01
8.295100000000000000e+04 4.800000000000000000e+01 7.000000000000000000e+01
8.300800000000000000e+04 4.300000000000000000e+01 6.900000000000000000e+01
8.303900000000000000e+04 4.600000000000000000e+01 7.300000000000000000e+01
8.304300000000000000e+04 3.700000000000000000e+01 7.000000000000000000e+01
8.304700000000000000e+04 4.300000000000000000e+01 7.500000000000000000e+01
8.308000000000000000e+04 3.500000000000000000e+01 7.100000000000000000e+01
8.309600000000000000e+04 4.400000000000000000e+01 6.900000000000000000e+01
8.321700000000000000e+04 3.600000000000000000e+01 7.700000000000000000e+01
8.323800000000000000e+04 4.200000000000000000e+01 7.400000000000000000e+01
8.325400000000000000e+04 4.000000000000000000e+01 7.400000000000000000e+01
8.328500000000000000e+04 4.400000000000000000e+01 7.700000000000000000e+01
8.332600000000000000e+04 4.200000000000000000e+01 6.900000000000000000e+01
8.347300000000000000e+04 4.900000000000000000e+01 7.400000000000000000e+01
8.353400000000000000e+04 3.600000000000000000e+01 7.700000000000000000e+01
8.354700000000000000e+04 4.700000000000000000e+01 6.800000000000000000e+01
8.356200000000000000e+04 4.400000000000000000e+01 7.200000000000000000e+01
8.357100000000000000e+04 4.000000000000000000e+01 7.900000000000000000e+01
8.358500000000000000e+04 4.600000000000000000e+01 7.800000000000000000e+01
8.360000000000000000e+04 3.800000000000000000e+01 7.100000000000000000e+01
8.361400000000000000e+04 4.500000000000000000e+01 7.800000000000000000e+01
8.361900000000000000e+04 4.400000000000000000e+01 6.800000000000000000e+01
8.364800000000000000e+04 4.100000000000000000e+01 7.000000000000000000e+01
8.365200000000000000e+04 4.300000000000000000e+01 6.900000000000000000e+01
8.370200000000000000e+04 4.300000000000000000e+01 7.800000000000000000e+01
8.371300000000000000e+04 4.000000000000000000e+01 7.600000000000000000e+01
8.372800000000000000e+04 3.800000000000000000e+01 7.800000000000000000e+01
8.374700000000000000e+04 4.000000000000000000e+01 6.600000000000000000e+01
8.379600000000000000e+04 4.800000000000000000e+01 7.500000000000000000e+01
8.384400000000000000e+04 4.000000000000000000e+01 7.300000000000000000e+01
8.387400000000000000e+04 3.800000000000000000e+01 6.900000000000000000e+01
8.389100000000000000e+04 4.700000000000000000e+01 7.000000000000000000e+01
8.392500000000000000e+04 3.400000000000000000e+01 7.600000000000000000e+01
8.396900000000000000e+04 3.900000000000000000e+01 7.800000000000000000e+01
8.399800000000000000e+04 3.900000000000000000e+01 6.800000000000000000e+01
8.403300000000000000e+04 4.400000000000000000e+01 7.700000000000000000e+01
8.407300000000000000e+04 3.400000000000000000e+01 7.000000000000000000e+01
8.409000000000000000e+04 3.500000000000000000e+01 7.500000000000000000e+01
8.410900000000000000e+04 4.900000000000000000e+01 6.800000000000000000e+01
8.411800000000000000e+04 3.600000000000000000e+01 6.900000000000000000e+01
8.413700000000000000e+04 4.600000000000000000e+01 7.200000000000000000e+01
8.414100000000000000e+04 4.600000000000000000e+01 7.500000000000000000e+01
8.416600000000000000e+04 3.800000000000000000e+01 6.600000000000000000e+01
8.419800000000000000e+04 3.500000000000000000e+01 6.800000000000000000e+01
8.421700000000000000e+04 4.200000000000000000e+01 7.700000000000000000e+01
8.424200000000000000e+04 3.700000000000000000e+01 7.000000000000000000e+01
8.427600000000000000e+04 4.000000000000000000e+01 6.600000000000000000e+01
8.428700000000000000e+04 4.000000000000000000e+01 7.400000000000000000e+01
8.429900000000000000e+04 4.700000000000000000e+01 7.300000000000000000e+01
8.433700000000000000e+04 4.400000000000000000e+01 7.700000000000000000e+01
8.439000000000000000e+04 4.800000000000000000e+01 7.000000000000000000e+01
8.440400000000000000e+04 4.200000000000000000e+01 7.200000000000000000e+01
8.443900000000000000e+04 3.400000000000000000e+01 7.300000000000000000e+01
8.451800000000000000e+04 4.100000000000000000e+01 7.900000000000000000e+01
8.454400000000000000e+04 4.700000000000000000e+01 7.700000000000000000e+01
8.456900000000000000e+04 3.600000000000000000e+01 6.900000000000000000e+01
8.460700000000000000e+04 4.900000000000000000e+01 7.600000000000000000e+01
8.464600000000000000e+04 4.600000000000000000e+01 7.500000000000000000e+01
8.470100000000000000e+04 4.100000000000000000e+01 7.600000000000000000e+01
8.474600000000000000e+04 4.100000000000000000e+01 6.500000000000000000e+01
8.477000000000000000e+04 4.000000000000000000e+01 6.600000000000000000e+01
8.478200000000000000e+04 3.600000000000000000e+01 7.400000000000000000e+01
8.478900000000000000e+04 4.300000000000000000e+01 7.800000000000000000e+01
8.479100000000000000e+04 4.500000000000000000e+01 6.700000000000000000e+01
8.479400000000000000e+04 4.000000000000000000e+01 6.500000000000000000e+01
8.484300000000000000e+04 4.300000000000000000e+01 6.500000000000000000e+01
8.495400000000000000e+04 4.200000000000000000e+01 7.400000000000000000e+01
8.500500000000000000e+04 3.800000000000000000e+01 6.600000000000000000e+01
8.517000000000000000e+04 4.600000000000000000e+01 7.300000000000000000e+01
8.519700000000000000e+04 3.500000000000000000e+01 7.600000000000000000e+01
8.520200000000000000e+04 3.400000000000000000e+01 7.300000000000000000e+01
8.523200000000000000e+04 4.600000000000000000e+01 7.300000000000000000e+01
8.523300000000000000e+04 4.200000000000000000e+01 6.800000000000000000e+01
8.524700000000000000e+04 4.800000000000000000e+01 7.700000000000000000e+01
8.525900000000000000e+04 4.300000000000000000e+01 7.500000000000000000e+01
8.529700000000000000e+04 4.100000000000000000e+01 8.000000000000000000e+01
8.530800000000000000e+04 4.500000000000000000e+01 7.900000000000000000e+01
8.533200000000000000e+04 3.600000000000000000e+01 7.700000000000000000e+01
8.538800000000000000e+04 4.100000000000000000e+01 7.900000000000000000e+01
8.539600000000000000e+04 3.600000000000000000e+01 7.300000000000000000e+01
8.540000000000000000e+04 4.600000000000000000e+01 7.800000000000000000e+01
8.545300000000000000e+04 3.400000000000000000e+01 7.200000000000000000e+01
