66
383
639
860
1467
3177
3501
3680
4580
4760
5034
5596
5830
5954
7312
7541
7640
7694
7964
8013
8101
8371
8482
8529
8934
8953
9240
9530
10385
10907
11230
11270
11776
12088
12125
12132
12159
12237
12586
12605
12622
12720
13039
13459
13661
13917
13981
14457
14469
14548
14786
14877
15026
15071
15761
16265
16468
16511
16605
17073
17126
17317
17413
17758
18142
18822
18860
19065
19715
19869
20106
20108
20316
20346
20674
20961
21369
21634
21721
22060
22236
22372
22864
22925
23007
23237
23618
23727
24136
24568
24606
25232
25331
25395
