60067
60149
60206
60384
60640
60861
61406
61468
61874
61997
63120
63178
63312
63502
63681
63782
64107
64382
64581
64761
64927
65035
65208
65437
65442
65521
65596
65597
65651
65831
65955
66302
66385
66392
67313
67542
67641
67695
67965
67996
68014
68102
68266
68326
68372
68483
68530
68935
68954
69241
69531
70028
70386
70908
71231
71271
71777
72023
72089
72126
72133
72160
72238
72365
72587
72606
72623
72721
73040
73460
73662
73672
73918
73950
73982
74016
74458
74470
74549
74694
74787
74878
75027
75072
75387
75391
75396
75552
75591
75762
76181
76266
76469
76512
76606
77015
77074
77127
77318
77414
77759
77880
78143
78823
78861
79066
79610
79716
79870
79994
80107
80109
80160
80317
80347
80675
80962
81370
81635
81722
82061
82237
82373
82865
82878
82926
83008
83238
83619
83728
83925
84090
84109
84137
84569
84607
85197
85232
85233
85332
85396
