67
384
640
861
1468
3178
3502
3681
4581
4761
5035
5597
5831
5955
7313
7542
7641
7695
7965
8014
8102
8372
8483
8530
8935
8954
9241
9531
10386
10908
11231
11271
11777
12089
12126
12133
12160
12238
12587
12606
12623
12721
13040
13460
13662
13918
13982
14458
14470
14549
14787
14878
15027
15072
15762
16266
16469
16512
16606
17074
17127
17318
17414
17759
18143
18823
18861
19066
19716
19870
20107
20109
20317
20347
20675
20962
21370
21635
21722
22061
22237
22373
22865
22926
23008
23238
23619
23728
24137
24569
24607
25233
25332
25396
