6.700000000000000000e+01 4.600000000000000000e+01 7.000000000000000000e+01
7.800000000000000000e+01 4.500000000000000000e+01 7.500000000000000000e+01
1.130000000000000000e+02 4.600000000000000000e+01 7.500000000000000000e+01
1.260000000000000000e+02 4.300000000000000000e+01 7.600000000000000000e+01
1.490000000000000000e+02 4.000000000000000000e+01 7.400000000000000000e+01
1.520000000000000000e+02 4.400000000000000000e+01 6.600000000000000000e+01
1.590000000000000000e+02 3.800000000000000000e+01 6.800000000000000000e+01
1.780000000000000000e+02 4.000000000000000000e+01 6.900000000000000000e+01
1.810000000000000000e+02 4.100000000000000000e+01 7.200000000000000000e+01
2.020000000000000000e+02 4.200000000000000000e+01 7.400000000000000000e+01
2.060000000000000000e+02 3.700000000000000000e+01 7.500000000000000000e+01
2.700000000000000000e+02 4.300000000000000000e+01 7.100000000000000000e+01
2.870000000000000000e+02 4.000000000000000000e+01 6.500000000000000000e+01
2.900000000000000000e+02 4.000000000000000000e+01 7.800000000000000000e+01
3.030000000000000000e+02 3.400000000000000000e+01 7.600000000000000000e+01
3.550000000000000000e+02 4.000000000000000000e+01 6.600000000000000000e+01
3.770000000000000000e+02 3.400000000000000000e+01 7.200000000000000000e+01
3.840000000000000000e+02 4.800000000000000000e+01 7.700000000000000000e+01
3.990000000000000000e+02 3.900000000000000000e+01 7.100000000000000000e+01
4.070000000000000000e+02 3.600000000000000000e+01 7.300000000000000000e+01
4.400000000000000000e+02 3.600000000000000000e+01 6.700000000000000000e+01
4.500000000000000000e+02 4.000000000000000000e+01 7.400000000000000000e+01
4.590000000000000000e+02 4.900000000000000000e+01 7.100000000000000000e+01
5.090000000000000000e+02 4.400000000000000000e+01 7.400000000000000000e+01
5.100000000000000000e+02 4.000000000000000000e+01 6.600000000000000000e+01
5.260000000000000000e+02 4.700000000000000000e+01 7.300000000000000000e+01
5.360000000000000000e+02 4.600000000000000000e+01 7.200000000000000000e+01
5.470000000000000000e+02 3.700000000000000000e+01 7.700000000000000000e+01
5.780000000000000000e+02 3.800000000000000000e+01 6.900000000000000000e+01
5.960000000000000000e+02 4.000000000000000000e+01 6.500000000000000000e+01
6.010000000000000000e+02 3.600000000000000000e+01 7.400000000000000000e+01
6.070000000000000000e+02 4.200000000000000000e+01 7.400000000000000000e+01
6.210000000000000000e+02 4.000000000000000000e+01 7.400000000000000000e+01
6.400000000000000000e+02 3.400000000000000000e+01 7.500000000000000000e+01
6.420000000000000000e+02 4.800000000000000000e+01 7.000000000000000000e+01
6.790000000000000000e+02 4.000000000000000000e+01 8.000000000000000000e+01
6.830000000000000000e+02 4.800000000000000000e+01 7.000000000000000000e+01
6.960000000000000000e+02 4.700000000000000000e+01 6.700000000000000000e+01
7.100000000000000000e+02 4.200000000000000000e+01 6.900000000000000000e+01
7.450000000000000000e+02 3.700000000000000000e+01 7.300000000000000000e+01
8.430000000000000000e+02 3.600000000000000000e+01 7.300000000000000000e+01
8.610000000000000000e+02 4.100000000000000000e+01 7.600000000000000000e+01
8.620000000000000000e+02 3.900000000000000000e+01 7.000000000000000000e+01
9.000000000000000000e+02 3.500000000000000000e+01 7.200000000000000000e+01
9.090000000000000000e+02 4.900000000000000000e+01 6.800000000000000000e+01
9.130000000000000000e+02 4.800000000000000000e+01 7.700000000000000000e+01
9.760000000000000000e+02 4.300000000000000000e+01 7.600000000000000000e+01
1.029000000000000000e+03 3.400000000000000000e+01 6.900000000000000000e+01
1.080000000000000000e+03 4.300000000000000000e+01 6.900000000000000000e+01
1.242000000000000000e+03 4.500000000000000000e+01 7.900000000000000000e+01
1.253000000000000000e+03 4.700000000000000000e+01 6.800000000000000000e+01
1.315000000000000000e+03 4.600000000000000000e+01 7.600000000000000000e+01
1.404000000000000000e+03 3.500000000000000000e+01 7.200000000000000000e+01
1.406000000000000000e+03 4.200000000000000000e+01 6.900000000000000000e+01
1.415000000000000000e+03 4.400000000000000000e+01 6.800000000000000000e+01
1.419000000000000000e+03 4.800000000000000000e+01 7.000000000000000000e+01
1.468000000000000000e+03 4.100000000000000000e+01 7.500000000000000000e+01
1.477000000000000000e+03 4.100000000000000000e+01 7.000000000000000000e+01
1.496000000000000000e+03 4.000000000000000000e+01 6.900000000000000000e+01
1.549000000000000000e+03 4.800000000000000000e+01 7.700000000000000000e+01
1.587000000000000000e+03 4.000000000000000000e+01 6.500000000000000000e+01
1.711000000000000000e+03 4.000000000000000000e+01 7.400000000000000000e+01
1.739000000000000000e+03 4.000000000000000000e+01 6.900000000000000000e+01
1.814000000000000000e+03 3.800000000000000000e+01 6.600000000000000000e+01
1.871000000000000000e+03 4.300000000000000000e+01 7.900000000000000000e+01
1.874000000000000000e+03 4.500000000000000000e+01 7.800000000000000000e+01
1.878000000000000000e+03 3.800000000000000000e+01 7.600000000000000000e+01
1.886000000000000000e+03 4.600000000000000000e+01 7.200000000000000000e+01
1.911000000000000000e+03 4.900000000000000000e+01 6.800000000000000000e+01
1.918000000000000000e+03 3.800000000000000000e+01 6.900000000000000000e+01
1.938000000000000000e+03 3.900000000000000000e+01 7.800000000000000000e+01
1.986000000000000000e+03 4.300000000000000000e+01 7.400000000000000000e+01
1.990000000000000000e+03 4.700000000000000000e+01 6.700000000000000000e+01
1.997000000000000000e+03 4.000000000000000000e+01 6.500000000000000000e+01
1.999000000000000000e+03 4.000000000000000000e+01 6.900000000000000000e+01
2.025000000000000000e+03 4.100000000000000000e+01 8.000000000000000000e+01
2.134000000000000000e+03 3.900000000000000000e+01 7.800000000000000000e+01
2.148000000000000000e+03 4.200000000000000000e+01 7.700000000000000000e+01
2.169000000000000000e+03 4.100000000000000000e+01 7.200000000000000000e+01
2.172000000000000000e+03 4.000000000000000000e+01 6.600000000000000000e+01
2.181000000000000000e+03 4.000000000000000000e+01 7.800000000000000000e+01
2.223000000000000000e+03 4.700000000000000000e+01 6.800000000000000000e+01
2.288000000000000000e+03 4.100000000000000000e+01 7.200000000000000000e+01
2.293000000000000000e+03 3.400000000000000000e+01 7.300000000000000000e+01
2.352000000000000000e+03 3.400000000000000000e+01 6.900000000000000000e+01
2.355000000000000000e+03 3.600000000000000000e+01 7.300000000000000000e+01
2.369000000000000000e+03 4.300000000000000000e+01 6.900000000000000000e+01
2.380000000000000000e+03 4.100000000000000000e+01 8.100000000000000000e+01
2.409000000000000000e+03 4.200000000000000000e+01 7.300000000000000000e+01
2.448000000000000000e+03 4.200000000000000000e+01 7.400000000000000000e+01
2.530000000000000000e+03 3.500000000000000000e+01 7.600000000000000000e+01
2.555000000000000000e+03 4.100000000000000000e+01 6.500000000000000000e+01
2.558000000000000000e+03 4.100000000000000000e+01 8.000000000000000000e+01
2.575000000000000000e+03 4.200000000000000000e+01 7.700000000000000000e+01
2.616000000000000000e+03 3.400000000000000000e+01 7.300000000000000000e+01
2.639000000000000000e+03 4.800000000000000000e+01 7.400000000000000000e+01
2.733000000000000000e+03 4.200000000000000000e+01 6.900000000000000000e+01
2.737000000000000000e+03 4.000000000000000000e+01 7.600000000000000000e+01
2.810000000000000000e+03 4.200000000000000000e+01 7.300000000000000000e+01
2.869000000000000000e+03 4.800000000000000000e+01 7.700000000000000000e+01
2.877000000000000000e+03 4.300000000000000000e+01 8.000000000000000000e+01
2.914000000000000000e+03 4.800000000000000000e+01 7.700000000000000000e+01
2.927000000000000000e+03 3.600000000000000000e+01 6.700000000000000000e+01
2.953000000000000000e+03 4.700000000000000000e+01 7.000000000000000000e+01
3.120000000000000000e+03 4.100000000000000000e+01 7.200000000000000000e+01
3.138000000000000000e+03 4.500000000000000000e+01 7.300000000000000000e+01
3.178000000000000000e+03 4.200000000000000000e+01 6.800000000000000000e+01
3.212000000000000000e+03 4.200000000000000000e+01 7.700000000000000000e+01
3.218000000000000000e+03 4.700000000000000000e+01 6.800000000000000000e+01
3.221000000000000000e+03 4.400000000000000000e+01 6.800000000000000000e+01
3.299000000000000000e+03 3.400000000000000000e+01 7.200000000000000000e+01
3.312000000000000000e+03 4.000000000000000000e+01 6.900000000000000000e+01
3.322000000000000000e+03 3.500000000000000000e+01 7.200000000000000000e+01
3.373000000000000000e+03 3.900000000000000000e+01 7.800000000000000000e+01
3.407000000000000000e+03 4.000000000000000000e+01 7.300000000000000000e+01
3.478000000000000000e+03 4.900000000000000000e+01 7.600000000000000000e+01
3.500000000000000000e+03 3.400000000000000000e+01 7.200000000000000000e+01
3.502000000000000000e+03 3.900000000000000000e+01 7.000000000000000000e+01
3.512000000000000000e+03 4.100000000000000000e+01 7.200000000000000000e+01
3.572000000000000000e+03 4.900000000000000000e+01 6.800000000000000000e+01
3.573000000000000000e+03 4.600000000000000000e+01 7.300000000000000000e+01
3.593000000000000000e+03 3.900000000000000000e+01 7.000000000000000000e+01
3.607000000000000000e+03 4.400000000000000000e+01 7.700000000000000000e+01
3.632000000000000000e+03 3.900000000000000000e+01 6.800000000000000000e+01
3.638000000000000000e+03 3.400000000000000000e+01 7.000000000000000000e+01
3.651000000000000000e+03 4.400000000000000000e+01 7.400000000000000000e+01
3.663000000000000000e+03 3.900000000000000000e+01 7.800000000000000000e+01
3.681000000000000000e+03 4.400000000000000000e+01 6.600000000000000000e+01
3.714000000000000000e+03 4.200000000000000000e+01 7.200000000000000000e+01
3.727000000000000000e+03 3.500000000000000000e+01 7.100000000000000000e+01
3.782000000000000000e+03 3.800000000000000000e+01 7.500000000000000000e+01
3.785000000000000000e+03 3.600000000000000000e+01 6.900000000000000000e+01
3.815000000000000000e+03 4.700000000000000000e+01 6.800000000000000000e+01
3.827000000000000000e+03 3.800000000000000000e+01 6.600000000000000000e+01
3.830000000000000000e+03 4.000000000000000000e+01 6.500000000000000000e+01
3.842000000000000000e+03 4.300000000000000000e+01 7.400000000000000000e+01
3.853000000000000000e+03 4.200000000000000000e+01 7.700000000000000000e+01
3.881000000000000000e+03 3.800000000000000000e+01 7.900000000000000000e+01
3.925000000000000000e+03 4.600000000000000000e+01 7.000000000000000000e+01
3.930000000000000000e+03 4.300000000000000000e+01 7.500000000000000000e+01
3.938000000000000000e+03 4.100000000000000000e+01 7.200000000000000000e+01
4.001000000000000000e+03 3.700000000000000000e+01 7.500000000000000000e+01
4.006000000000000000e+03 4.000000000000000000e+01 7.900000000000000000e+01
4.066000000000000000e+03 4.300000000000000000e+01 6.500000000000000000e+01
4.107000000000000000e+03 4.100000000000000000e+01 7.000000000000000000e+01
4.163000000000000000e+03 4.100000000000000000e+01 8.000000000000000000e+01
4.197000000000000000e+03 3.400000000000000000e+01 7.500000000000000000e+01
4.226000000000000000e+03 4.900000000000000000e+01 6.800000000000000000e+01
4.250000000000000000e+03 4.200000000000000000e+01 7.600000000000000000e+01
4.368000000000000000e+03 3.900000000000000000e+01 6.800000000000000000e+01
4.382000000000000000e+03 4.300000000000000000e+01 7.500000000000000000e+01
4.456000000000000000e+03 4.400000000000000000e+01 7.200000000000000000e+01
4.471000000000000000e+03 4.700000000000000000e+01 7.500000000000000000e+01
4.511000000000000000e+03 3.900000000000000000e+01 6.800000000000000000e+01
4.516000000000000000e+03 3.400000000000000000e+01 7.300000000000000000e+01
4.539000000000000000e+03 3.800000000000000000e+01 7.200000000000000000e+01
4.581000000000000000e+03 4.500000000000000000e+01 7.300000000000000000e+01
4.639000000000000000e+03 3.900000000000000000e+01 6.500000000000000000e+01
4.662000000000000000e+03 4.400000000000000000e+01 7.700000000000000000e+01
4.674000000000000000e+03 3.500000000000000000e+01 7.200000000000000000e+01
4.702000000000000000e+03 4.100000000000000000e+01 7.200000000000000000e+01
4.738000000000000000e+03 4.900000000000000000e+01 6.800000000000000000e+01
4.744000000000000000e+03 4.100000000000000000e+01 7.300000000000000000e+01
4.749000000000000000e+03 4.800000000000000000e+01 7.500000000000000000e+01
4.761000000000000000e+03 4.700000000000000000e+01 6.700000000000000000e+01
4.785000000000000000e+03 3.700000000000000000e+01 7.000000000000000000e+01
4.885000000000000000e+03 3.800000000000000000e+01 7.900000000000000000e+01
4.889000000000000000e+03 4.100000000000000000e+01 7.900000000000000000e+01
4.927000000000000000e+03 4.300000000000000000e+01 6.900000000000000000e+01
4.983000000000000000e+03 3.800000000000000000e+01 6.600000000000000000e+01
4.987000000000000000e+03 4.100000000000000000e+01 7.600000000000000000e+01
4.999000000000000000e+03 4.600000000000000000e+01 7.300000000000000000e+01
5.015000000000000000e+03 4.300000000000000000e+01 6.900000000000000000e+01
5.035000000000000000e+03 4.800000000000000000e+01 7.500000000000000000e+01
5.074000000000000000e+03 4.800000000000000000e+01 7.000000000000000000e+01
5.115000000000000000e+03 4.300000000000000000e+01 7.800000000000000000e+01
5.121000000000000000e+03 3.600000000000000000e+01 7.300000000000000000e+01
5.127000000000000000e+03 4.200000000000000000e+01 7.300000000000000000e+01
5.130000000000000000e+03 3.400000000000000000e+01 7.700000000000000000e+01
5.171000000000000000e+03 3.500000000000000000e+01 7.200000000000000000e+01
5.202000000000000000e+03 3.900000000000000000e+01 6.800000000000000000e+01
5.208000000000000000e+03 4.600000000000000000e+01 7.000000000000000000e+01
5.245000000000000000e+03 3.400000000000000000e+01 7.200000000000000000e+01
5.259000000000000000e+03 4.500000000000000000e+01 7.900000000000000000e+01
5.293000000000000000e+03 3.900000000000000000e+01 6.800000000000000000e+01
5.332000000000000000e+03 4.200000000000000000e+01 7.000000000000000000e+01
5.352000000000000000e+03 4.200000000000000000e+01 7.100000000000000000e+01
5.366000000000000000e+03 3.800000000000000000e+01 7.900000000000000000e+01
5.385000000000000000e+03 3.400000000000000000e+01 7.600000000000000000e+01
5.412000000000000000e+03 3.600000000000000000e+01 6.700000000000000000e+01
5.437000000000000000e+03 4.100000000000000000e+01 7.900000000000000000e+01
5.439000000000000000e+03 4.000000000000000000e+01 7.900000000000000000e+01
5.442000000000000000e+03 4.200000000000000000e+01 7.400000000000000000e+01
5.479000000000000000e+03 4.400000000000000000e+01 6.900000000000000000e+01
5.508000000000000000e+03 4.000000000000000000e+01 8.000000000000000000e+01
5.521000000000000000e+03 4.900000000000000000e+01 6.800000000000000000e+01
5.596000000000000000e+03 4.200000000000000000e+01 7.400000000000000000e+01
5.597000000000000000e+03 3.500000000000000000e+01 7.100000000000000000e+01
5.651000000000000000e+03 4.500000000000000000e+01 7.300000000000000000e+01
5.684000000000000000e+03 4.100000000000000000e+01 7.600000000000000000e+01
5.726000000000000000e+03 4.200000000000000000e+01 7.400000000000000000e+01
5.735000000000000000e+03 4.000000000000000000e+01 7.300000000000000000e+01
5.736000000000000000e+03 4.600000000000000000e+01 7.800000000000000000e+01
5.751000000000000000e+03 3.800000000000000000e+01 6.900000000000000000e+01
5.831000000000000000e+03 4.200000000000000000e+01 7.400000000000000000e+01
5.855000000000000000e+03 3.900000000000000000e+01 6.800000000000000000e+01
5.891000000000000000e+03 3.800000000000000000e+01 7.300000000000000000e+01
5.955000000000000000e+03 4.200000000000000000e+01 7.700000000000000000e+01
5.973000000000000000e+03 4.300000000000000000e+01 7.800000000000000000e+01
6.011000000000000000e+03 4.200000000000000000e+01 6.800000000000000000e+01
6.084000000000000000e+03 4.800000000000000000e+01 7.500000000000000000e+01
6.113000000000000000e+03 3.500000000000000000e+01 6.800000000000000000e+01
6.131000000000000000e+03 3.600000000000000000e+01 6.900000000000000000e+01
6.157000000000000000e+03 4.100000000000000000e+01 6.700000000000000000e+01
6.179000000000000000e+03 4.100000000000000000e+01 7.900000000000000000e+01
6.207000000000000000e+03 4.100000000000000000e+01 6.700000000000000000e+01
6.241000000000000000e+03 4.600000000000000000e+01 7.400000000000000000e+01
6.255000000000000000e+03 4.600000000000000000e+01 7.200000000000000000e+01
6.290000000000000000e+03 3.800000000000000000e+01 6.800000000000000000e+01
6.299000000000000000e+03 4.900000000000000000e+01 7.600000000000000000e+01
6.302000000000000000e+03 4.600000000000000000e+01 7.600000000000000000e+01
6.385000000000000000e+03 4.800000000000000000e+01 7.000000000000000000e+01
6.392000000000000000e+03 3.400000000000000000e+01 6.800000000000000000e+01
6.442000000000000000e+03 3.400000000000000000e+01 7.200000000000000000e+01
6.478000000000000000e+03 3.700000000000000000e+01 7.000000000000000000e+01
6.489000000000000000e+03 3.500000000000000000e+01 7.200000000000000000e+01
6.495000000000000000e+03 4.400000000000000000e+01 7.700000000000000000e+01
6.499000000000000000e+03 4.300000000000000000e+01 7.400000000000000000e+01
6.508000000000000000e+03 4.500000000000000000e+01 7.500000000000000000e+01
6.524000000000000000e+03 4.500000000000000000e+01 7.500000000000000000e+01
6.612000000000000000e+03 4.200000000000000000e+01 6.800000000000000000e+01
6.653000000000000000e+03 4.100000000000000000e+01 7.000000000000000000e+01
6.691000000000000000e+03 3.900000000000000000e+01 6.800000000000000000e+01
6.696000000000000000e+03 3.800000000000000000e+01 6.800000000000000000e+01
6.698000000000000000e+03 4.200000000000000000e+01 6.900000000000000000e+01
6.704000000000000000e+03 4.900000000000000000e+01 7.400000000000000000e+01
6.717000000000000000e+03 3.400000000000000000e+01 7.700000000000000000e+01
6.727000000000000000e+03 4.300000000000000000e+01 7.100000000000000000e+01
6.736000000000000000e+03 4.600000000000000000e+01 7.000000000000000000e+01
6.747000000000000000e+03 4.200000000000000000e+01 7.300000000000000000e+01
6.768000000000000000e+03 4.500000000000000000e+01 7.000000000000000000e+01
6.806000000000000000e+03 4.000000000000000000e+01 7.300000000000000000e+01
6.813000000000000000e+03 3.700000000000000000e+01 7.300000000000000000e+01
6.818000000000000000e+03 3.700000000000000000e+01 7.300000000000000000e+01
6.916000000000000000e+03 3.600000000000000000e+01 7.400000000000000000e+01
6.945000000000000000e+03 4.300000000000000000e+01 6.500000000000000000e+01
6.980000000000000000e+03 3.800000000000000000e+01 6.900000000000000000e+01
7.019000000000000000e+03 4.300000000000000000e+01 7.100000000000000000e+01
7.046000000000000000e+03 4.600000000000000000e+01 7.300000000000000000e+01
7.050000000000000000e+03 4.000000000000000000e+01 7.900000000000000000e+01
7.120000000000000000e+03 4.200000000000000000e+01 6.900000000000000000e+01
7.123000000000000000e+03 4.500000000000000000e+01 7.100000000000000000e+01
7.146000000000000000e+03 3.900000000000000000e+01 7.700000000000000000e+01
7.241000000000000000e+03 4.900000000000000000e+01 7.600000000000000000e+01
7.260000000000000000e+03 4.800000000000000000e+01 7.700000000000000000e+01
7.261000000000000000e+03 4.100000000000000000e+01 6.500000000000000000e+01
7.262000000000000000e+03 4.800000000000000000e+01 7.500000000000000000e+01
7.272000000000000000e+03 4.600000000000000000e+01 7.200000000000000000e+01
7.313000000000000000e+03 4.500000000000000000e+01 7.000000000000000000e+01
7.341000000000000000e+03 4.600000000000000000e+01 7.300000000000000000e+01
7.417000000000000000e+03 4.300000000000000000e+01 7.900000000000000000e+01
7.477000000000000000e+03 4.800000000000000000e+01 7.700000000000000000e+01
7.542000000000000000e+03 3.700000000000000000e+01 7.700000000000000000e+01
7.545000000000000000e+03 4.800000000000000000e+01 7.500000000000000000e+01
7.549000000000000000e+03 3.600000000000000000e+01 6.900000000000000000e+01
7.561000000000000000e+03 4.100000000000000000e+01 6.500000000000000000e+01
7.596000000000000000e+03 4.300000000000000000e+01 7.600000000000000000e+01
7.608000000000000000e+03 4.700000000000000000e+01 6.800000000000000000e+01
7.641000000000000000e+03 4.300000000000000000e+01 6.900000000000000000e+01
7.657000000000000000e+03 4.100000000000000000e+01 7.000000000000000000e+01
7.695000000000000000e+03 3.700000000000000000e+01 7.700000000000000000e+01
7.724000000000000000e+03 3.900000000000000000e+01 7.600000000000000000e+01
7.747000000000000000e+03 3.800000000000000000e+01 6.900000000000000000e+01
7.748000000000000000e+03 4.000000000000000000e+01 6.600000000000000000e+01
7.765000000000000000e+03 4.200000000000000000e+01 7.000000000000000000e+01
7.803000000000000000e+03 4.700000000000000000e+01 7.300000000000000000e+01
7.831000000000000000e+03 4.000000000000000000e+01 7.900000000000000000e+01
7.848000000000000000e+03 4.700000000000000000e+01 6.800000000000000000e+01
7.862000000000000000e+03 4.400000000000000000e+01 7.200000000000000000e+01
7.896000000000000000e+03 4.600000000000000000e+01 7.300000000000000000e+01
7.965000000000000000e+03 3.700000000000000000e+01 7.300000000000000000e+01
7.996000000000000000e+03 4.000000000000000000e+01 7.300000000000000000e+01
8.004000000000000000e+03 4.800000000000000000e+01 7.700000000000000000e+01
8.013000000000000000e+03 4.300000000000000000e+01 6.500000000000000000e+01
8.014000000000000000e+03 3.400000000000000000e+01 7.200000000000000000e+01
8.015000000000000000e+03 3.400000000000000000e+01 7.300000000000000000e+01
8.102000000000000000e+03 3.600000000000000000e+01 6.900000000000000000e+01
8.105000000000000000e+03 4.000000000000000000e+01 6.500000000000000000e+01
8.154000000000000000e+03 4.300000000000000000e+01 7.400000000000000000e+01
8.162000000000000000e+03 4.700000000000000000e+01 7.300000000000000000e+01
8.194000000000000000e+03 4.900000000000000000e+01 6.800000000000000000e+01
8.220000000000000000e+03 3.400000000000000000e+01 7.200000000000000000e+01
8.231000000000000000e+03 4.100000000000000000e+01 7.000000000000000000e+01
8.236000000000000000e+03 4.700000000000000000e+01 7.300000000000000000e+01
8.240000000000000000e+03 3.600000000000000000e+01 7.300000000000000000e+01
8.251000000000000000e+03 4.000000000000000000e+01 7.700000000000000000e+01
8.266000000000000000e+03 4.100000000000000000e+01 7.900000000000000000e+01
8.271000000000000000e+03 3.800000000000000000e+01 7.600000000000000000e+01
8.308000000000000000e+03 4.200000000000000000e+01 7.300000000000000000e+01
8.313000000000000000e+03 4.700000000000000000e+01 6.700000000000000000e+01
8.326000000000000000e+03 4.800000000000000000e+01 7.100000000000000000e+01
8.335000000000000000e+03 4.100000000000000000e+01 6.700000000000000000e+01
8.348000000000000000e+03 4.300000000000000000e+01 6.500000000000000000e+01
8.353000000000000000e+03 4.300000000000000000e+01 7.900000000000000000e+01
8.372000000000000000e+03 4.600000000000000000e+01 7.500000000000000000e+01
8.406000000000000000e+03 4.700000000000000000e+01 7.300000000000000000e+01
8.428000000000000000e+03 4.900000000000000000e+01 6.800000000000000000e+01
8.472000000000000000e+03 4.200000000000000000e+01 6.900000000000000000e+01
8.483000000000000000e+03 3.600000000000000000e+01 7.400000000000000000e+01
8.510000000000000000e+03 3.400000000000000000e+01 7.600000000000000000e+01
8.527000000000000000e+03 4.300000000000000000e+01 6.900000000000000000e+01
8.530000000000000000e+03 3.400000000000000000e+01 6.800000000000000000e+01
8.676000000000000000e+03 3.800000000000000000e+01 7.800000000000000000e+01
8.700000000000000000e+03 4.000000000000000000e+01 7.400000000000000000e+01
8.764000000000000000e+03 4.200000000000000000e+01 7.700000000000000000e+01
8.771000000000000000e+03 4.400000000000000000e+01 7.400000000000000000e+01
8.816000000000000000e+03 4.000000000000000000e+01 7.600000000000000000e+01
8.836000000000000000e+03 4.000000000000000000e+01 7.300000000000000000e+01
8.845000000000000000e+03 4.300000000000000000e+01 6.900000000000000000e+01
8.933000000000000000e+03 4.600000000000000000e+01 7.300000000000000000e+01
8.935000000000000000e+03 4.400000000000000000e+01 7.400000000000000000e+01
8.945000000000000000e+03 3.700000000000000000e+01 7.500000000000000000e+01
8.954000000000000000e+03 4.500000000000000000e+01 7.500000000000000000e+01
8.959000000000000000e+03 4.000000000000000000e+01 6.500000000000000000e+01
8.968000000000000000e+03 4.800000000000000000e+01 7.500000000000000000e+01
8.978000000000000000e+03 4.100000000000000000e+01 6.500000000000000000e+01
9.004000000000000000e+03 3.400000000000000000e+01 6.800000000000000000e+01
9.078000000000000000e+03 4.100000000000000000e+01 7.900000000000000000e+01
9.103000000000000000e+03 4.100000000000000000e+01 7.600000000000000000e+01
9.108000000000000000e+03 3.600000000000000000e+01 6.700000000000000000e+01
9.119000000000000000e+03 4.300000000000000000e+01 7.500000000000000000e+01
9.153000000000000000e+03 4.700000000000000000e+01 6.900000000000000000e+01
9.162000000000000000e+03 4.300000000000000000e+01 7.100000000000000000e+01
9.172000000000000000e+03 4.500000000000000000e+01 7.500000000000000000e+01
9.241000000000000000e+03 3.500000000000000000e+01 7.500000000000000000e+01
9.255000000000000000e+03 3.900000000000000000e+01 6.800000000000000000e+01
9.258000000000000000e+03 4.000000000000000000e+01 7.700000000000000000e+01
9.288000000000000000e+03 4.000000000000000000e+01 6.600000000000000000e+01
9.307000000000000000e+03 4.600000000000000000e+01 7.800000000000000000e+01
9.328000000000000000e+03 3.500000000000000000e+01 7.400000000000000000e+01
9.369000000000000000e+03 3.600000000000000000e+01 7.400000000000000000e+01
9.379000000000000000e+03 3.700000000000000000e+01 7.500000000000000000e+01
9.395000000000000000e+03 4.300000000000000000e+01 7.100000000000000000e+01
9.410000000000000000e+03 4.300000000000000000e+01 7.100000000000000000e+01
9.478000000000000000e+03 4.400000000000000000e+01 6.800000000000000000e+01
9.500000000000000000e+03 4.600000000000000000e+01 7.200000000000000000e+01
9.524000000000000000e+03 3.400000000000000000e+01 7.600000000000000000e+01
9.531000000000000000e+03 4.800000000000000000e+01 7.500000000000000000e+01
9.532000000000000000e+03 3.900000000000000000e+01 7.800000000000000000e+01
9.544000000000000000e+03 3.400000000000000000e+01 7.600000000000000000e+01
9.570000000000000000e+03 4.500000000000000000e+01 7.500000000000000000e+01
9.611000000000000000e+03 3.600000000000000000e+01 7.800000000000000000e+01
9.635000000000000000e+03 4.400000000000000000e+01 6.900000000000000000e+01
9.636000000000000000e+03 3.400000000000000000e+01 7.700000000000000000e+01
9.644000000000000000e+03 3.400000000000000000e+01 7.200000000000000000e+01
9.657000000000000000e+03 4.800000000000000000e+01 7.500000000000000000e+01
9.658000000000000000e+03 3.700000000000000000e+01 7.700000000000000000e+01
9.661000000000000000e+03 3.500000000000000000e+01 7.500000000000000000e+01
9.669000000000000000e+03 4.100000000000000000e+01 6.600000000000000000e+01
9.720000000000000000e+03 4.100000000000000000e+01 6.600000000000000000e+01
9.764000000000000000e+03 4.200000000000000000e+01 7.000000000000000000e+01
9.790000000000000000e+03 4.900000000000000000e+01 7.600000000000000000e+01
9.796000000000000000e+03 3.600000000000000000e+01 6.900000000000000000e+01
9.811000000000000000e+03 3.800000000000000000e+01 6.600000000000000000e+01
9.818000000000000000e+03 4.700000000000000000e+01 7.000000000000000000e+01
9.835000000000000000e+03 3.600000000000000000e+01 7.800000000000000000e+01
9.912000000000000000e+03 4.500000000000000000e+01 7.800000000000000000e+01
9.930000000000000000e+03 3.600000000000000000e+01 7.800000000000000000e+01
9.988000000000000000e+03 4.100000000000000000e+01 7.000000000000000000e+01
9.993000000000000000e+03 4.700000000000000000e+01 6.700000000000000000e+01
1.002800000000000000e+04 4.000000000000000000e+01 8.000000000000000000e+01
1.005000000000000000e+04 4.600000000000000000e+01 7.000000000000000000e+01
1.006500000000000000e+04 3.900000000000000000e+01 7.800000000000000000e+01
1.009100000000000000e+04 3.500000000000000000e+01 7.200000000000000000e+01
1.014400000000000000e+04 4.700000000000000000e+01 6.800000000000000000e+01
1.016900000000000000e+04 4.800000000000000000e+01 7.700000000000000000e+01
1.023400000000000000e+04 3.400000000000000000e+01 7.600000000000000000e+01
1.024000000000000000e+04 3.800000000000000000e+01 6.800000000000000000e+01
1.024500000000000000e+04 4.500000000000000000e+01 7.500000000000000000e+01
1.025600000000000000e+04 4.800000000000000000e+01 7.700000000000000000e+01
1.026600000000000000e+04 3.400000000000000000e+01 7.500000000000000000e+01
1.029500000000000000e+04 3.900000000000000000e+01 7.200000000000000000e+01
1.030700000000000000e+04 3.900000000000000000e+01 7.600000000000000000e+01
1.037800000000000000e+04 4.300000000000000000e+01 7.400000000000000000e+01
1.038600000000000000e+04 4.300000000000000000e+01 6.900000000000000000e+01
1.042100000000000000e+04 3.700000000000000000e+01 7.000000000000000000e+01
1.049000000000000000e+04 4.200000000000000000e+01 7.000000000000000000e+01
1.058500000000000000e+04 4.100000000000000000e+01 6.500000000000000000e+01
1.059100000000000000e+04 4.600000000000000000e+01 7.600000000000000000e+01
1.059800000000000000e+04 4.100000000000000000e+01 7.000000000000000000e+01
1.060000000000000000e+04 3.600000000000000000e+01 7.300000000000000000e+01
1.062500000000000000e+04 3.400000000000000000e+01 7.300000000000000000e+01
1.063800000000000000e+04 4.700000000000000000e+01 6.700000000000000000e+01
1.067200000000000000e+04 4.000000000000000000e+01 7.300000000000000000e+01
1.067600000000000000e+04 4.000000000000000000e+01 6.500000000000000000e+01
1.067900000000000000e+04 4.200000000000000000e+01 7.400000000000000000e+01
1.068600000000000000e+04 4.300000000000000000e+01 6.900000000000000000e+01
1.069200000000000000e+04 4.300000000000000000e+01 7.100000000000000000e+01
1.071000000000000000e+04 4.400000000000000000e+01 6.600000000000000000e+01
1.071800000000000000e+04 3.400000000000000000e+01 6.900000000000000000e+01
1.078100000000000000e+04 3.800000000000000000e+01 6.600000000000000000e+01
1.078400000000000000e+04 4.200000000000000000e+01 6.800000000000000000e+01
1.078500000000000000e+04 3.900000000000000000e+01 7.200000000000000000e+01
1.079900000000000000e+04 3.600000000000000000e+01 6.900000000000000000e+01
1.080400000000000000e+04 4.400000000000000000e+01 6.900000000000000000e+01
1.083200000000000000e+04 4.600000000000000000e+01 7.600000000000000000e+01
1.088800000000000000e+04 3.800000000000000000e+01 6.800000000000000000e+01
1.090100000000000000e+04 3.800000000000000000e+01 6.800000000000000000e+01
1.090800000000000000e+04 4.300000000000000000e+01 7.400000000000000000e+01
1.092200000000000000e+04 4.800000000000000000e+01 7.700000000000000000e+01
1.092600000000000000e+04 4.200000000000000000e+01 6.900000000000000000e+01
1.093800000000000000e+04 4.000000000000000000e+01 7.300000000000000000e+01
1.094600000000000000e+04 3.800000000000000000e+01 7.600000000000000000e+01
1.097800000000000000e+04 4.800000000000000000e+01 7.100000000000000000e+01
1.102400000000000000e+04 4.600000000000000000e+01 7.600000000000000000e+01
1.105700000000000000e+04 4.600000000000000000e+01 7.600000000000000000e+01
1.108700000000000000e+04 4.600000000000000000e+01 7.000000000000000000e+01
1.109400000000000000e+04 3.400000000000000000e+01 6.800000000000000000e+01
1.111400000000000000e+04 4.300000000000000000e+01 6.700000000000000000e+01
1.113400000000000000e+04 4.100000000000000000e+01 6.700000000000000000e+01
1.114300000000000000e+04 4.500000000000000000e+01 7.000000000000000000e+01
1.119700000000000000e+04 4.800000000000000000e+01 7.500000000000000000e+01
1.120400000000000000e+04 3.600000000000000000e+01 7.300000000000000000e+01
1.123100000000000000e+04 3.800000000000000000e+01 6.600000000000000000e+01
1.124700000000000000e+04 4.000000000000000000e+01 7.400000000000000000e+01
1.126900000000000000e+04 4.100000000000000000e+01 7.700000000000000000e+01
1.127100000000000000e+04 3.800000000000000000e+01 6.900000000000000000e+01
1.128000000000000000e+04 4.500000000000000000e+01 7.500000000000000000e+01
1.130600000000000000e+04 3.700000000000000000e+01 7.300000000000000000e+01
1.132600000000000000e+04 3.600000000000000000e+01 7.200000000000000000e+01
1.134000000000000000e+04 4.500000000000000000e+01 7.800000000000000000e+01
1.137500000000000000e+04 4.500000000000000000e+01 7.300000000000000000e+01
1.140000000000000000e+04 4.100000000000000000e+01 7.000000000000000000e+01
1.142100000000000000e+04 4.000000000000000000e+01 7.800000000000000000e+01
1.142900000000000000e+04 3.800000000000000000e+01 6.800000000000000000e+01
1.149400000000000000e+04 3.600000000000000000e+01 7.400000000000000000e+01
1.149700000000000000e+04 3.800000000000000000e+01 6.600000000000000000e+01
1.152400000000000000e+04 4.000000000000000000e+01 7.400000000000000000e+01
1.158200000000000000e+04 4.000000000000000000e+01 7.800000000000000000e+01
1.161400000000000000e+04 3.900000000000000000e+01 7.200000000000000000e+01
1.163400000000000000e+04 4.600000000000000000e+01 7.300000000000000000e+01
1.172100000000000000e+04 4.900000000000000000e+01 7.100000000000000000e+01
1.173200000000000000e+04 4.600000000000000000e+01 7.800000000000000000e+01
1.176500000000000000e+04 3.400000000000000000e+01 7.200000000000000000e+01
1.177400000000000000e+04 3.600000000000000000e+01 7.800000000000000000e+01
1.177700000000000000e+04 4.500000000000000000e+01 7.700000000000000000e+01
1.178700000000000000e+04 4.000000000000000000e+01 7.100000000000000000e+01
1.181100000000000000e+04 4.000000000000000000e+01 6.900000000000000000e+01
1.182000000000000000e+04 4.200000000000000000e+01 7.900000000000000000e+01
1.182900000000000000e+04 4.200000000000000000e+01 7.700000000000000000e+01
1.187800000000000000e+04 4.000000000000000000e+01 7.800000000000000000e+01
1.188300000000000000e+04 4.500000000000000000e+01 7.800000000000000000e+01
1.189400000000000000e+04 4.600000000000000000e+01 7.300000000000000000e+01
1.190700000000000000e+04 3.400000000000000000e+01 6.800000000000000000e+01
1.192300000000000000e+04 3.900000000000000000e+01 7.100000000000000000e+01
1.196800000000000000e+04 4.000000000000000000e+01 6.900000000000000000e+01
1.200500000000000000e+04 4.200000000000000000e+01 7.400000000000000000e+01
1.200700000000000000e+04 4.500000000000000000e+01 7.800000000000000000e+01
1.200800000000000000e+04 4.400000000000000000e+01 7.200000000000000000e+01
1.201600000000000000e+04 4.800000000000000000e+01 7.100000000000000000e+01
1.202300000000000000e+04 4.100000000000000000e+01 7.300000000000000000e+01
1.204500000000000000e+04 4.600000000000000000e+01 7.300000000000000000e+01
1.208900000000000000e+04 3.700000000000000000e+01 7.700000000000000000e+01
1.212600000000000000e+04 4.600000000000000000e+01 7.500000000000000000e+01
1.213100000000000000e+04 4.700000000000000000e+01 7.000000000000000000e+01
1.213300000000000000e+04 4.000000000000000000e+01 7.800000000000000000e+01
1.216000000000000000e+04 4.200000000000000000e+01 7.700000000000000000e+01
1.223800000000000000e+04 4.100000000000000000e+01 6.500000000000000000e+01
1.236500000000000000e+04 4.800000000000000000e+01 7.400000000000000000e+01
1.237200000000000000e+04 4.300000000000000000e+01 6.500000000000000000e+01
1.240200000000000000e+04 4.800000000000000000e+01 6.900000000000000000e+01
1.240600000000000000e+04 4.500000000000000000e+01 7.900000000000000000e+01
1.250200000000000000e+04 4.300000000000000000e+01 7.100000000000000000e+01
1.258700000000000000e+04 4.300000000000000000e+01 7.100000000000000000e+01
1.260600000000000000e+04 3.800000000000000000e+01 6.900000000000000000e+01
1.261900000000000000e+04 4.100000000000000000e+01 7.900000000000000000e+01
1.262300000000000000e+04 4.000000000000000000e+01 7.700000000000000000e+01
1.262500000000000000e+04 4.300000000000000000e+01 7.800000000000000000e+01
1.262600000000000000e+04 4.900000000000000000e+01 7.600000000000000000e+01
1.263500000000000000e+04 4.800000000000000000e+01 7.500000000000000000e+01
1.264000000000000000e+04 4.800000000000000000e+01 7.700000000000000000e+01
1.268500000000000000e+04 4.800000000000000000e+01 7.100000000000000000e+01
1.268700000000000000e+04 3.800000000000000000e+01 6.900000000000000000e+01
1.269700000000000000e+04 4.100000000000000000e+01 7.700000000000000000e+01
1.272100000000000000e+04 4.400000000000000000e+01 6.600000000000000000e+01
1.275600000000000000e+04 4.900000000000000000e+01 6.800000000000000000e+01
1.277700000000000000e+04 3.600000000000000000e+01 7.700000000000000000e+01
1.280800000000000000e+04 4.200000000000000000e+01 6.800000000000000000e+01
1.281000000000000000e+04 4.200000000000000000e+01 7.400000000000000000e+01
1.283500000000000000e+04 4.500000000000000000e+01 7.700000000000000000e+01
1.290700000000000000e+04 4.600000000000000000e+01 7.400000000000000000e+01
1.291800000000000000e+04 3.500000000000000000e+01 7.500000000000000000e+01
1.292100000000000000e+04 3.900000000000000000e+01 7.600000000000000000e+01
1.295700000000000000e+04 3.400000000000000000e+01 7.200000000000000000e+01
1.300500000000000000e+04 3.800000000000000000e+01 7.500000000000000000e+01
1.303700000000000000e+04 4.400000000000000000e+01 7.700000000000000000e+01
1.304000000000000000e+04 4.200000000000000000e+01 6.900000000000000000e+01
1.309800000000000000e+04 3.800000000000000000e+01 6.600000000000000000e+01
1.312500000000000000e+04 4.200000000000000000e+01 7.700000000000000000e+01
1.314500000000000000e+04 4.000000000000000000e+01 7.300000000000000000e+01
1.316600000000000000e+04 3.900000000000000000e+01 7.000000000000000000e+01
1.317600000000000000e+04 3.700000000000000000e+01 7.100000000000000000e+01
1.319000000000000000e+04 3.400000000000000000e+01 7.200000000000000000e+01
1.321300000000000000e+04 4.400000000000000000e+01 6.900000000000000000e+01
1.324700000000000000e+04 4.000000000000000000e+01 6.500000000000000000e+01
1.326800000000000000e+04 4.300000000000000000e+01 7.800000000000000000e+01
1.329400000000000000e+04 3.400000000000000000e+01 6.900000000000000000e+01
1.335200000000000000e+04 4.600000000000000000e+01 7.300000000000000000e+01
1.341800000000000000e+04 4.300000000000000000e+01 7.100000000000000000e+01
1.345200000000000000e+04 4.800000000000000000e+01 7.700000000000000000e+01
1.345500000000000000e+04 4.700000000000000000e+01 7.600000000000000000e+01
1.346000000000000000e+04 4.200000000000000000e+01 7.700000000000000000e+01
1.346200000000000000e+04 4.600000000000000000e+01 7.000000000000000000e+01
1.348200000000000000e+04 4.900000000000000000e+01 7.600000000000000000e+01
1.348400000000000000e+04 4.500000000000000000e+01 7.500000000000000000e+01
1.352800000000000000e+04 4.600000000000000000e+01 7.000000000000000000e+01
1.353800000000000000e+04 4.100000000000000000e+01 7.900000000000000000e+01
1.356900000000000000e+04 3.600000000000000000e+01 7.400000000000000000e+01
1.358100000000000000e+04 4.400000000000000000e+01 7.700000000000000000e+01
1.360100000000000000e+04 4.900000000000000000e+01 7.200000000000000000e+01
1.361500000000000000e+04 3.700000000000000000e+01 7.500000000000000000e+01
1.366200000000000000e+04 3.800000000000000000e+01 6.800000000000000000e+01
1.366300000000000000e+04 4.300000000000000000e+01 7.100000000000000000e+01
1.367200000000000000e+04 4.800000000000000000e+01 7.700000000000000000e+01
1.369600000000000000e+04 3.800000000000000000e+01 6.900000000000000000e+01
1.376700000000000000e+04 4.100000000000000000e+01 7.900000000000000000e+01
1.378900000000000000e+04 4.600000000000000000e+01 7.000000000000000000e+01
1.391600000000000000e+04 3.600000000000000000e+01 7.400000000000000000e+01
1.391800000000000000e+04 4.300000000000000000e+01 7.800000000000000000e+01
1.393600000000000000e+04 4.300000000000000000e+01 6.900000000000000000e+01
1.395000000000000000e+04 3.400000000000000000e+01 7.300000000000000000e+01
1.398200000000000000e+04 4.300000000000000000e+01 6.500000000000000000e+01
1.401600000000000000e+04 4.000000000000000000e+01 6.500000000000000000e+01
1.403800000000000000e+04 3.400000000000000000e+01 6.800000000000000000e+01
1.403900000000000000e+04 3.900000000000000000e+01 7.600000000000000000e+01
1.411800000000000000e+04 4.000000000000000000e+01 6.900000000000000000e+01
1.413700000000000000e+04 4.100000000000000000e+01 6.500000000000000000e+01
1.417300000000000000e+04 3.400000000000000000e+01 7.200000000000000000e+01
1.419200000000000000e+04 4.000000000000000000e+01 8.000000000000000000e+01
1.420700000000000000e+04 4.600000000000000000e+01 7.500000000000000000e+01
1.422200000000000000e+04 4.000000000000000000e+01 6.900000000000000000e+01
1.424700000000000000e+04 3.600000000000000000e+01 7.200000000000000000e+01
1.427500000000000000e+04 3.400000000000000000e+01 7.300000000000000000e+01
1.431100000000000000e+04 4.000000000000000000e+01 7.900000000000000000e+01
1.432400000000000000e+04 3.800000000000000000e+01 7.300000000000000000e+01
1.432600000000000000e+04 3.400000000000000000e+01 7.700000000000000000e+01
1.440700000000000000e+04 3.700000000000000000e+01 7.500000000000000000e+01
1.441000000000000000e+04 4.800000000000000000e+01 7.700000000000000000e+01
1.442900000000000000e+04 4.800000000000000000e+01 7.000000000000000000e+01
1.443700000000000000e+04 4.600000000000000000e+01 7.200000000000000000e+01
1.445800000000000000e+04 4.500000000000000000e+01 7.600000000000000000e+01
1.447000000000000000e+04 4.100000000000000000e+01 6.700000000000000000e+01
1.453600000000000000e+04 4.600000000000000000e+01 7.500000000000000000e+01
1.454900000000000000e+04 3.800000000000000000e+01 7.600000000000000000e+01
1.456800000000000000e+04 4.200000000000000000e+01 7.900000000000000000e+01
1.458000000000000000e+04 3.900000000000000000e+01 7.200000000000000000e+01
1.463300000000000000e+04 3.400000000000000000e+01 6.800000000000000000e+01
1.466300000000000000e+04 3.500000000000000000e+01 7.200000000000000000e+01
1.469400000000000000e+04 4.400000000000000000e+01 7.400000000000000000e+01
1.478100000000000000e+04 4.100000000000000000e+01 7.500000000000000000e+01
1.478700000000000000e+04 4.300000000000000000e+01 7.100000000000000000e+01
1.480800000000000000e+04 4.000000000000000000e+01 6.500000000000000000e+01
1.484900000000000000e+04 4.400000000000000000e+01 6.600000000000000000e+01
1.485700000000000000e+04 4.400000000000000000e+01 6.900000000000000000e+01
1.487800000000000000e+04 4.400000000000000000e+01 7.200000000000000000e+01
1.489400000000000000e+04 4.100000000000000000e+01 7.000000000000000000e+01
1.502700000000000000e+04 4.900000000000000000e+01 6.800000000000000000e+01
1.507200000000000000e+04 3.400000000000000000e+01 7.300000000000000000e+01
1.508300000000000000e+04 4.200000000000000000e+01 7.400000000000000000e+01
1.509600000000000000e+04 3.800000000000000000e+01 7.800000000000000000e+01
1.514100000000000000e+04 4.200000000000000000e+01 6.800000000000000000e+01
1.521000000000000000e+04 4.600000000000000000e+01 7.000000000000000000e+01
1.521500000000000000e+04 3.900000000000000000e+01 6.800000000000000000e+01
1.524100000000000000e+04 3.400000000000000000e+01 6.900000000000000000e+01
1.525700000000000000e+04 4.000000000000000000e+01 7.800000000000000000e+01
1.530200000000000000e+04 4.200000000000000000e+01 7.000000000000000000e+01
1.532900000000000000e+04 4.700000000000000000e+01 6.800000000000000000e+01
1.533100000000000000e+04 3.700000000000000000e+01 7.500000000000000000e+01
1.534200000000000000e+04 4.100000000000000000e+01 8.000000000000000000e+01
1.538700000000000000e+04 3.600000000000000000e+01 6.900000000000000000e+01
1.539100000000000000e+04 4.900000000000000000e+01 6.800000000000000000e+01
1.539600000000000000e+04 4.800000000000000000e+01 7.700000000000000000e+01
1.539800000000000000e+04 3.400000000000000000e+01 7.000000000000000000e+01
1.545500000000000000e+04 3.500000000000000000e+01 7.200000000000000000e+01
1.548200000000000000e+04 4.800000000000000000e+01 7.500000000000000000e+01
1.549100000000000000e+04 3.700000000000000000e+01 7.500000000000000000e+01
1.552800000000000000e+04 3.400000000000000000e+01 6.800000000000000000e+01
1.554100000000000000e+04 3.400000000000000000e+01 6.900000000000000000e+01
1.555200000000000000e+04 3.800000000000000000e+01 6.600000000000000000e+01
1.558600000000000000e+04 4.800000000000000000e+01 7.100000000000000000e+01
1.559100000000000000e+04 4.300000000000000000e+01 8.000000000000000000e+01
1.560400000000000000e+04 4.900000000000000000e+01 7.600000000000000000e+01
1.561000000000000000e+04 4.700000000000000000e+01 6.800000000000000000e+01
1.565300000000000000e+04 4.100000000000000000e+01 6.500000000000000000e+01
1.565500000000000000e+04 4.800000000000000000e+01 7.700000000000000000e+01
1.566500000000000000e+04 4.400000000000000000e+01 6.600000000000000000e+01
1.567000000000000000e+04 4.100000000000000000e+01 7.900000000000000000e+01
1.571400000000000000e+04 4.200000000000000000e+01 7.000000000000000000e+01
1.576200000000000000e+04 4.100000000000000000e+01 6.500000000000000000e+01
1.576400000000000000e+04 3.400000000000000000e+01 7.600000000000000000e+01
1.576900000000000000e+04 4.700000000000000000e+01 6.800000000000000000e+01
1.578100000000000000e+04 4.400000000000000000e+01 7.400000000000000000e+01
1.587100000000000000e+04 4.900000000000000000e+01 6.800000000000000000e+01
1.587700000000000000e+04 3.400000000000000000e+01 6.800000000000000000e+01
1.589000000000000000e+04 3.900000000000000000e+01 7.000000000000000000e+01
1.594100000000000000e+04 4.600000000000000000e+01 7.800000000000000000e+01
1.595600000000000000e+04 3.800000000000000000e+01 7.300000000000000000e+01
1.595900000000000000e+04 4.400000000000000000e+01 6.600000000000000000e+01
1.596600000000000000e+04 3.400000000000000000e+01 7.000000000000000000e+01
1.602800000000000000e+04 3.700000000000000000e+01 7.500000000000000000e+01
1.603600000000000000e+04 3.700000000000000000e+01 7.700000000000000000e+01
1.610600000000000000e+04 4.000000000000000000e+01 6.900000000000000000e+01
1.610800000000000000e+04 4.300000000000000000e+01 7.500000000000000000e+01
1.612800000000000000e+04 4.300000000000000000e+01 7.600000000000000000e+01
1.613700000000000000e+04 3.500000000000000000e+01 7.100000000000000000e+01
1.615500000000000000e+04 3.600000000000000000e+01 7.400000000000000000e+01
1.618000000000000000e+04 3.600000000000000000e+01 7.800000000000000000e+01
1.618100000000000000e+04 3.400000000000000000e+01 7.500000000000000000e+01
1.626600000000000000e+04 4.200000000000000000e+01 7.700000000000000000e+01
1.630300000000000000e+04 4.000000000000000000e+01 7.300000000000000000e+01
1.630500000000000000e+04 3.800000000000000000e+01 6.800000000000000000e+01
1.635500000000000000e+04 4.100000000000000000e+01 7.600000000000000000e+01
1.636200000000000000e+04 4.000000000000000000e+01 8.000000000000000000e+01
1.637200000000000000e+04 3.700000000000000000e+01 7.500000000000000000e+01
1.639100000000000000e+04 3.500000000000000000e+01 7.200000000000000000e+01
1.646900000000000000e+04 4.000000000000000000e+01 7.400000000000000000e+01
1.647300000000000000e+04 4.800000000000000000e+01 7.700000000000000000e+01
1.651200000000000000e+04 3.400000000000000000e+01 7.500000000000000000e+01
1.654300000000000000e+04 3.400000000000000000e+01 7.200000000000000000e+01
1.654600000000000000e+04 4.500000000000000000e+01 7.800000000000000000e+01
1.657900000000000000e+04 4.000000000000000000e+01 7.900000000000000000e+01
1.659400000000000000e+04 4.100000000000000000e+01 7.900000000000000000e+01
1.660600000000000000e+04 4.400000000000000000e+01 7.700000000000000000e+01
1.661400000000000000e+04 4.300000000000000000e+01 6.900000000000000000e+01
1.673100000000000000e+04 4.200000000000000000e+01 7.100000000000000000e+01
1.675500000000000000e+04 3.800000000000000000e+01 7.300000000000000000e+01
1.678900000000000000e+04 3.400000000000000000e+01 7.200000000000000000e+01
1.682200000000000000e+04 4.500000000000000000e+01 7.500000000000000000e+01
1.683400000000000000e+04 4.200000000000000000e+01 7.300000000000000000e+01
1.685400000000000000e+04 3.400000000000000000e+01 6.800000000000000000e+01
1.689100000000000000e+04 4.400000000000000000e+01 6.800000000000000000e+01
1.696200000000000000e+04 3.500000000000000000e+01 7.000000000000000000e+01
1.697200000000000000e+04 3.700000000000000000e+01 7.000000000000000000e+01
1.700900000000000000e+04 4.100000000000000000e+01 7.000000000000000000e+01
1.701500000000000000e+04 4.500000000000000000e+01 7.900000000000000000e+01
1.706400000000000000e+04 3.800000000000000000e+01 6.900000000000000000e+01
1.707400000000000000e+04 4.300000000000000000e+01 7.100000000000000000e+01
1.707700000000000000e+04 4.000000000000000000e+01 6.500000000000000000e+01
1.708800000000000000e+04 3.500000000000000000e+01 7.500000000000000000e+01
1.712700000000000000e+04 3.700000000000000000e+01 7.000000000000000000e+01
1.713500000000000000e+04 3.400000000000000000e+01 6.800000000000000000e+01
1.717100000000000000e+04 3.900000000000000000e+01 7.600000000000000000e+01
1.720600000000000000e+04 3.500000000000000000e+01 7.500000000000000000e+01
1.731800000000000000e+04 3.800000000000000000e+01 6.600000000000000000e+01
1.738200000000000000e+04 4.100000000000000000e+01 6.700000000000000000e+01
1.740000000000000000e+04 3.600000000000000000e+01 7.700000000000000000e+01
1.740700000000000000e+04 3.900000000000000000e+01 7.000000000000000000e+01
1.741400000000000000e+04 4.600000000000000000e+01 7.300000000000000000e+01
1.744200000000000000e+04 4.000000000000000000e+01 6.500000000000000000e+01
1.745900000000000000e+04 3.900000000000000000e+01 6.800000000000000000e+01
1.750700000000000000e+04 4.300000000000000000e+01 7.500000000000000000e+01
1.751100000000000000e+04 4.100000000000000000e+01 6.500000000000000000e+01
1.751400000000000000e+04 4.200000000000000000e+01 7.700000000000000000e+01
1.755100000000000000e+04 3.700000000000000000e+01 7.100000000000000000e+01
1.758900000000000000e+04 3.400000000000000000e+01 7.300000000000000000e+01
1.761100000000000000e+04 3.600000000000000000e+01 6.900000000000000000e+01
1.766200000000000000e+04 4.200000000000000000e+01 6.900000000000000000e+01
1.767500000000000000e+04 4.900000000000000000e+01 7.600000000000000000e+01
1.773800000000000000e+04 3.900000000000000000e+01 6.500000000000000000e+01
1.775900000000000000e+04 3.400000000000000000e+01 7.000000000000000000e+01
1.779500000000000000e+04 4.600000000000000000e+01 7.600000000000000000e+01
1.785700000000000000e+04 3.400000000000000000e+01 7.300000000000000000e+01
1.787500000000000000e+04 3.700000000000000000e+01 7.500000000000000000e+01
1.788000000000000000e+04 4.500000000000000000e+01 7.500000000000000000e+01
1.791700000000000000e+04 4.300000000000000000e+01 6.500000000000000000e+01
1.792500000000000000e+04 3.500000000000000000e+01 7.200000000000000000e+01
1.800400000000000000e+04 4.000000000000000000e+01 7.300000000000000000e+01
1.801000000000000000e+04 4.100000000000000000e+01 8.000000000000000000e+01
1.802800000000000000e+04 4.200000000000000000e+01 7.300000000000000000e+01
1.804600000000000000e+04 3.400000000000000000e+01 6.900000000000000000e+01
1.808900000000000000e+04 4.900000000000000000e+01 6.800000000000000000e+01
1.812300000000000000e+04 4.100000000000000000e+01 6.700000000000000000e+01
1.814300000000000000e+04 4.300000000000000000e+01 7.900000000000000000e+01
1.817900000000000000e+04 3.600000000000000000e+01 7.400000000000000000e+01
1.827700000000000000e+04 4.100000000000000000e+01 8.000000000000000000e+01
1.834800000000000000e+04 4.100000000000000000e+01 7.000000000000000000e+01
1.835300000000000000e+04 3.400000000000000000e+01 7.300000000000000000e+01
1.842000000000000000e+04 4.800000000000000000e+01 7.500000000000000000e+01
1.843200000000000000e+04 4.100000000000000000e+01 7.900000000000000000e+01
1.850100000000000000e+04 3.600000000000000000e+01 7.400000000000000000e+01
1.855700000000000000e+04 3.500000000000000000e+01 7.000000000000000000e+01
1.858100000000000000e+04 4.100000000000000000e+01 6.500000000000000000e+01
1.861600000000000000e+04 4.600000000000000000e+01 7.500000000000000000e+01
1.862600000000000000e+04 4.400000000000000000e+01 7.400000000000000000e+01
1.863300000000000000e+04 4.800000000000000000e+01 7.700000000000000000e+01
1.863500000000000000e+04 4.500000000000000000e+01 7.000000000000000000e+01
1.865100000000000000e+04 3.400000000000000000e+01 6.800000000000000000e+01
1.876800000000000000e+04 3.800000000000000000e+01 6.600000000000000000e+01
1.877000000000000000e+04 3.900000000000000000e+01 7.800000000000000000e+01
1.877300000000000000e+04 4.700000000000000000e+01 6.700000000000000000e+01
1.879000000000000000e+04 4.300000000000000000e+01 7.400000000000000000e+01
1.880100000000000000e+04 4.800000000000000000e+01 7.000000000000000000e+01
1.882300000000000000e+04 4.300000000000000000e+01 7.800000000000000000e+01
1.886100000000000000e+04 4.500000000000000000e+01 7.800000000000000000e+01
1.887200000000000000e+04 4.400000000000000000e+01 6.600000000000000000e+01
1.887900000000000000e+04 3.700000000000000000e+01 7.000000000000000000e+01
1.889600000000000000e+04 3.900000000000000000e+01 7.000000000000000000e+01
1.891600000000000000e+04 3.900000000000000000e+01 6.800000000000000000e+01
1.896200000000000000e+04 3.400000000000000000e+01 7.200000000000000000e+01
1.906600000000000000e+04 4.100000000000000000e+01 6.700000000000000000e+01
1.916800000000000000e+04 4.700000000000000000e+01 7.300000000000000000e+01
1.917800000000000000e+04 4.400000000000000000e+01 6.600000000000000000e+01
1.919200000000000000e+04 3.400000000000000000e+01 7.200000000000000000e+01
1.927000000000000000e+04 4.100000000000000000e+01 6.500000000000000000e+01
1.931800000000000000e+04 4.800000000000000000e+01 7.700000000000000000e+01
1.933300000000000000e+04 3.800000000000000000e+01 7.600000000000000000e+01
1.933900000000000000e+04 4.100000000000000000e+01 7.900000000000000000e+01
1.941500000000000000e+04 3.600000000000000000e+01 6.900000000000000000e+01
1.943300000000000000e+04 3.700000000000000000e+01 7.500000000000000000e+01
1.947100000000000000e+04 4.200000000000000000e+01 7.700000000000000000e+01
1.948100000000000000e+04 3.800000000000000000e+01 6.900000000000000000e+01
1.949100000000000000e+04 3.800000000000000000e+01 6.800000000000000000e+01
1.949800000000000000e+04 3.600000000000000000e+01 6.700000000000000000e+01
1.957500000000000000e+04 3.700000000000000000e+01 7.700000000000000000e+01
1.959600000000000000e+04 3.700000000000000000e+01 7.300000000000000000e+01
1.961000000000000000e+04 3.400000000000000000e+01 7.300000000000000000e+01
1.967700000000000000e+04 3.400000000000000000e+01 7.700000000000000000e+01
1.971600000000000000e+04 3.800000000000000000e+01 6.600000000000000000e+01
1.973000000000000000e+04 4.800000000000000000e+01 7.000000000000000000e+01
1.973500000000000000e+04 3.400000000000000000e+01 7.700000000000000000e+01
1.979900000000000000e+04 4.400000000000000000e+01 7.400000000000000000e+01
1.981600000000000000e+04 4.100000000000000000e+01 7.000000000000000000e+01
1.987000000000000000e+04 4.100000000000000000e+01 6.700000000000000000e+01
1.988000000000000000e+04 3.500000000000000000e+01 7.500000000000000000e+01
1.989300000000000000e+04 4.400000000000000000e+01 7.200000000000000000e+01
1.992600000000000000e+04 4.000000000000000000e+01 6.900000000000000000e+01
1.999400000000000000e+04 4.800000000000000000e+01 7.500000000000000000e+01
2.002500000000000000e+04 3.400000000000000000e+01 6.800000000000000000e+01
2.010700000000000000e+04 3.800000000000000000e+01 7.800000000000000000e+01
2.010900000000000000e+04 3.400000000000000000e+01 7.000000000000000000e+01
2.011100000000000000e+04 3.900000000000000000e+01 7.100000000000000000e+01
2.012600000000000000e+04 3.400000000000000000e+01 6.900000000000000000e+01
2.016000000000000000e+04 4.600000000000000000e+01 7.200000000000000000e+01
2.019200000000000000e+04 4.500000000000000000e+01 7.400000000000000000e+01
2.019600000000000000e+04 4.100000000000000000e+01 6.500000000000000000e+01
2.021200000000000000e+04 4.400000000000000000e+01 7.700000000000000000e+01
2.025300000000000000e+04 4.800000000000000000e+01 7.700000000000000000e+01
2.025800000000000000e+04 4.000000000000000000e+01 7.700000000000000000e+01
2.028100000000000000e+04 4.300000000000000000e+01 7.100000000000000000e+01
2.031700000000000000e+04 4.900000000000000000e+01 6.800000000000000000e+01
2.032500000000000000e+04 4.500000000000000000e+01 7.500000000000000000e+01
2.034700000000000000e+04 3.500000000000000000e+01 7.100000000000000000e+01
2.041000000000000000e+04 4.300000000000000000e+01 7.400000000000000000e+01
2.043200000000000000e+04 4.800000000000000000e+01 7.700000000000000000e+01
2.045600000000000000e+04 4.800000000000000000e+01 7.000000000000000000e+01
2.051300000000000000e+04 3.900000000000000000e+01 7.800000000000000000e+01
2.064100000000000000e+04 4.700000000000000000e+01 7.000000000000000000e+01
2.067500000000000000e+04 3.600000000000000000e+01 7.700000000000000000e+01
2.067800000000000000e+04 3.800000000000000000e+01 6.600000000000000000e+01
2.069200000000000000e+04 4.600000000000000000e+01 7.800000000000000000e+01
2.071500000000000000e+04 4.100000000000000000e+01 7.300000000000000000e+01
2.074000000000000000e+04 3.600000000000000000e+01 7.400000000000000000e+01
2.075700000000000000e+04 3.800000000000000000e+01 7.600000000000000000e+01
2.077900000000000000e+04 4.100000000000000000e+01 6.500000000000000000e+01
2.082900000000000000e+04 4.100000000000000000e+01 7.000000000000000000e+01
2.091500000000000000e+04 3.600000000000000000e+01 7.700000000000000000e+01
2.096200000000000000e+04 4.100000000000000000e+01 7.200000000000000000e+01
2.096500000000000000e+04 4.400000000000000000e+01 6.600000000000000000e+01
2.102000000000000000e+04 4.100000000000000000e+01 7.000000000000000000e+01
2.103700000000000000e+04 4.000000000000000000e+01 7.900000000000000000e+01
2.104500000000000000e+04 4.700000000000000000e+01 6.700000000000000000e+01
2.110500000000000000e+04 3.800000000000000000e+01 7.800000000000000000e+01
2.118300000000000000e+04 4.200000000000000000e+01 7.300000000000000000e+01
2.121000000000000000e+04 4.300000000000000000e+01 6.500000000000000000e+01
2.121500000000000000e+04 3.800000000000000000e+01 6.600000000000000000e+01
2.124400000000000000e+04 4.100000000000000000e+01 6.600000000000000000e+01
2.125700000000000000e+04 4.000000000000000000e+01 7.300000000000000000e+01
2.131100000000000000e+04 4.000000000000000000e+01 7.300000000000000000e+01
2.132700000000000000e+04 4.000000000000000000e+01 7.400000000000000000e+01
2.133800000000000000e+04 3.800000000000000000e+01 6.800000000000000000e+01
2.134600000000000000e+04 3.900000000000000000e+01 7.000000000000000000e+01
2.135700000000000000e+04 4.500000000000000000e+01 7.500000000000000000e+01
2.137000000000000000e+04 3.800000000000000000e+01 6.800000000000000000e+01
2.138200000000000000e+04 4.600000000000000000e+01 7.200000000000000000e+01
2.138600000000000000e+04 4.800000000000000000e+01 7.700000000000000000e+01
2.145100000000000000e+04 3.400000000000000000e+01 7.600000000000000000e+01
2.145500000000000000e+04 4.100000000000000000e+01 8.000000000000000000e+01
2.147300000000000000e+04 4.400000000000000000e+01 6.800000000000000000e+01
2.148900000000000000e+04 4.200000000000000000e+01 6.800000000000000000e+01
2.150300000000000000e+04 4.600000000000000000e+01 7.600000000000000000e+01
2.150900000000000000e+04 4.000000000000000000e+01 6.900000000000000000e+01
2.153000000000000000e+04 4.000000000000000000e+01 7.800000000000000000e+01
2.156200000000000000e+04 4.500000000000000000e+01 7.500000000000000000e+01
2.161800000000000000e+04 3.800000000000000000e+01 6.900000000000000000e+01
2.162400000000000000e+04 4.000000000000000000e+01 6.900000000000000000e+01
2.162700000000000000e+04 4.300000000000000000e+01 7.100000000000000000e+01
2.162800000000000000e+04 4.100000000000000000e+01 8.000000000000000000e+01
2.163500000000000000e+04 3.800000000000000000e+01 6.900000000000000000e+01
2.164600000000000000e+04 4.400000000000000000e+01 7.700000000000000000e+01
2.166700000000000000e+04 4.300000000000000000e+01 7.900000000000000000e+01
2.167200000000000000e+04 3.600000000000000000e+01 7.800000000000000000e+01
2.169700000000000000e+04 4.000000000000000000e+01 6.600000000000000000e+01
2.171100000000000000e+04 4.800000000000000000e+01 7.000000000000000000e+01
2.172200000000000000e+04 3.600000000000000000e+01 7.300000000000000000e+01
2.172800000000000000e+04 4.300000000000000000e+01 7.100000000000000000e+01
2.173900000000000000e+04 4.300000000000000000e+01 6.500000000000000000e+01
2.174000000000000000e+04 3.900000000000000000e+01 6.800000000000000000e+01
2.176300000000000000e+04 4.800000000000000000e+01 7.700000000000000000e+01
2.178400000000000000e+04 4.100000000000000000e+01 7.900000000000000000e+01
2.179600000000000000e+04 4.100000000000000000e+01 7.000000000000000000e+01
2.180600000000000000e+04 3.500000000000000000e+01 7.200000000000000000e+01
2.188500000000000000e+04 4.000000000000000000e+01 6.600000000000000000e+01
2.191500000000000000e+04 3.800000000000000000e+01 6.600000000000000000e+01
2.196700000000000000e+04 3.400000000000000000e+01 7.300000000000000000e+01
2.197500000000000000e+04 4.300000000000000000e+01 7.600000000000000000e+01
2.197900000000000000e+04 4.900000000000000000e+01 6.800000000000000000e+01
2.199200000000000000e+04 3.700000000000000000e+01 7.700000000000000000e+01
2.203600000000000000e+04 4.200000000000000000e+01 7.700000000000000000e+01
2.204700000000000000e+04 4.400000000000000000e+01 6.600000000000000000e+01
2.206100000000000000e+04 4.300000000000000000e+01 7.500000000000000000e+01
2.206300000000000000e+04 4.200000000000000000e+01 6.900000000000000000e+01
2.209800000000000000e+04 3.400000000000000000e+01 7.600000000000000000e+01
2.215700000000000000e+04 4.500000000000000000e+01 7.900000000000000000e+01
2.215900000000000000e+04 4.600000000000000000e+01 7.200000000000000000e+01
2.219400000000000000e+04 4.000000000000000000e+01 6.600000000000000000e+01
2.222300000000000000e+04 3.900000000000000000e+01 6.700000000000000000e+01
2.222600000000000000e+04 3.700000000000000000e+01 7.100000000000000000e+01
2.223700000000000000e+04 3.900000000000000000e+01 7.100000000000000000e+01
2.225200000000000000e+04 4.400000000000000000e+01 7.400000000000000000e+01
2.226600000000000000e+04 4.900000000000000000e+01 6.800000000000000000e+01
2.227100000000000000e+04 4.300000000000000000e+01 7.400000000000000000e+01
2.231800000000000000e+04 3.400000000000000000e+01 7.700000000000000000e+01
2.234000000000000000e+04 4.900000000000000000e+01 6.800000000000000000e+01
2.236200000000000000e+04 4.300000000000000000e+01 7.900000000000000000e+01
2.236300000000000000e+04 3.900000000000000000e+01 7.200000000000000000e+01
2.236400000000000000e+04 3.700000000000000000e+01 7.500000000000000000e+01
2.237200000000000000e+04 3.800000000000000000e+01 7.600000000000000000e+01
2.237300000000000000e+04 4.000000000000000000e+01 7.900000000000000000e+01
2.241600000000000000e+04 4.300000000000000000e+01 8.000000000000000000e+01
2.249700000000000000e+04 4.300000000000000000e+01 7.800000000000000000e+01
2.253400000000000000e+04 3.800000000000000000e+01 6.800000000000000000e+01
2.253800000000000000e+04 4.200000000000000000e+01 7.700000000000000000e+01
2.264200000000000000e+04 4.600000000000000000e+01 7.200000000000000000e+01
2.268700000000000000e+04 3.400000000000000000e+01 7.600000000000000000e+01
2.270000000000000000e+04 3.600000000000000000e+01 7.400000000000000000e+01
2.272900000000000000e+04 4.000000000000000000e+01 6.500000000000000000e+01
2.274500000000000000e+04 4.100000000000000000e+01 6.700000000000000000e+01
2.274800000000000000e+04 4.800000000000000000e+01 7.700000000000000000e+01
2.275600000000000000e+04 3.400000000000000000e+01 7.300000000000000000e+01
2.276100000000000000e+04 4.300000000000000000e+01 7.100000000000000000e+01
2.278700000000000000e+04 4.300000000000000000e+01 7.100000000000000000e+01
2.286500000000000000e+04 4.900000000000000000e+01 7.600000000000000000e+01
2.287800000000000000e+04 4.000000000000000000e+01 8.000000000000000000e+01
2.292600000000000000e+04 4.100000000000000000e+01 6.400000000000000000e+01
2.293100000000000000e+04 3.500000000000000000e+01 7.200000000000000000e+01
2.294200000000000000e+04 3.900000000000000000e+01 7.100000000000000000e+01
2.295100000000000000e+04 4.800000000000000000e+01 7.000000000000000000e+01
2.300800000000000000e+04 4.300000000000000000e+01 6.900000000000000000e+01
2.303900000000000000e+04 4.600000000000000000e+01 7.300000000000000000e+01
2.304300000000000000e+04 3.700000000000000000e+01 7.000000000000000000e+01
2.304700000000000000e+04 4.300000000000000000e+01 7.500000000000000000e+01
2.308000000000000000e+04 3.500000000000000000e+01 7.100000000000000000e+01
2.309600000000000000e+04 4.400000000000000000e+01 6.900000000000000000e+01
2.321700000000000000e+04 3.600000000000000000e+01 7.700000000000000000e+01
2.323800000000000000e+04 4.200000000000000000e+01 7.400000000000000000e+01
2.325400000000000000e+04 4.000000000000000000e+01 7.400000000000000000e+01
2.328500000000000000e+04 4.400000000000000000e+01 7.700000000000000000e+01
2.332600000000000000e+04 4.200000000000000000e+01 6.900000000000000000e+01
2.347300000000000000e+04 4.900000000000000000e+01 7.400000000000000000e+01
2.353400000000000000e+04 3.600000000000000000e+01 7.700000000000000000e+01
2.354700000000000000e+04 4.700000000000000000e+01 6.800000000000000000e+01
2.356200000000000000e+04 4.400000000000000000e+01 7.200000000000000000e+01
2.357100000000000000e+04 4.000000000000000000e+01 7.900000000000000000e+01
2.358500000000000000e+04 4.600000000000000000e+01 7.800000000000000000e+01
2.360000000000000000e+04 3.800000000000000000e+01 7.100000000000000000e+01
2.361400000000000000e+04 4.500000000000000000e+01 7.800000000000000000e+01
2.361900000000000000e+04 4.400000000000000000e+01 6.800000000000000000e+01
2.364800000000000000e+04 4.100000000000000000e+01 7.000000000000000000e+01
2.365200000000000000e+04 4.300000000000000000e+01 6.900000000000000000e+01
2.370200000000000000e+04 4.300000000000000000e+01 7.800000000000000000e+01
2.371300000000000000e+04 4.000000000000000000e+01 7.600000000000000000e+01
2.372800000000000000e+04 3.800000000000000000e+01 7.800000000000000000e+01
2.374700000000000000e+04 4.000000000000000000e+01 6.600000000000000000e+01
2.379600000000000000e+04 4.800000000000000000e+01 7.500000000000000000e+01
2.384400000000000000e+04 4.000000000000000000e+01 7.300000000000000000e+01
2.387400000000000000e+04 3.800000000000000000e+01 6.900000000000000000e+01
2.389100000000000000e+04 4.700000000000000000e+01 7.000000000000000000e+01
2.392500000000000000e+04 3.400000000000000000e+01 7.600000000000000000e+01
2.396900000000000000e+04 3.900000000000000000e+01 7.800000000000000000e+01
2.399800000000000000e+04 3.900000000000000000e+01 6.800000000000000000e+01
2.403300000000000000e+04 4.400000000000000000e+01 7.700000000000000000e+01
2.407300000000000000e+04 3.400000000000000000e+01 7.000000000000000000e+01
2.409000000000000000e+04 3.500000000000000000e+01 7.500000000000000000e+01
2.410900000000000000e+04 4.900000000000000000e+01 6.800000000000000000e+01
2.411800000000000000e+04 3.600000000000000000e+01 6.900000000000000000e+01
2.413700000000000000e+04 4.600000000000000000e+01 7.200000000000000000e+01
2.414100000000000000e+04 4.600000000000000000e+01 7.500000000000000000e+01
2.416600000000000000e+04 3.800000000000000000e+01 6.600000000000000000e+01
2.419800000000000000e+04 3.500000000000000000e+01 6.800000000000000000e+01
2.421700000000000000e+04 4.200000000000000000e+01 7.700000000000000000e+01
2.424200000000000000e+04 3.700000000000000000e+01 7.000000000000000000e+01
2.427600000000000000e+04 4.000000000000000000e+01 6.600000000000000000e+01
2.428700000000000000e+04 4.000000000000000000e+01 7.400000000000000000e+01
2.429900000000000000e+04 4.700000000000000000e+01 7.300000000000000000e+01
2.433700000000000000e+04 4.400000000000000000e+01 7.700000000000000000e+01
2.439000000000000000e+04 4.800000000000000000e+01 7.000000000000000000e+01
2.440400000000000000e+04 4.200000000000000000e+01 7.200000000000000000e+01
2.443900000000000000e+04 3.400000000000000000e+01 7.300000000000000000e+01
2.451800000000000000e+04 4.100000000000000000e+01 7.900000000000000000e+01
2.454400000000000000e+04 4.700000000000000000e+01 7.700000000000000000e+01
2.456900000000000000e+04 3.600000000000000000e+01 6.900000000000000000e+01
2.460700000000000000e+04 4.900000000000000000e+01 7.600000000000000000e+01
2.464600000000000000e+04 4.600000000000000000e+01 7.500000000000000000e+01
2.470100000000000000e+04 4.100000000000000000e+01 7.600000000000000000e+01
2.474600000000000000e+04 4.100000000000000000e+01 6.500000000000000000e+01
2.477000000000000000e+04 4.000000000000000000e+01 6.600000000000000000e+01
2.478200000000000000e+04 3.600000000000000000e+01 7.400000000000000000e+01
2.478900000000000000e+04 4.300000000000000000e+01 7.800000000000000000e+01
2.479100000000000000e+04 4.500000000000000000e+01 6.700000000000000000e+01
2.479400000000000000e+04 4.000000000000000000e+01 6.500000000000000000e+01
2.484300000000000000e+04 4.300000000000000000e+01 6.500000000000000000e+01
2.495400000000000000e+04 4.200000000000000000e+01 7.400000000000000000e+01
2.500500000000000000e+04 3.800000000000000000e+01 6.600000000000000000e+01
2.517000000000000000e+04 4.600000000000000000e+01 7.300000000000000000e+01
2.519700000000000000e+04 3.500000000000000000e+01 7.600000000000000000e+01
2.520200000000000000e+04 3.400000000000000000e+01 7.300000000000000000e+01
2.523200000000000000e+04 4.600000000000000000e+01 7.300000000000000000e+01
2.523300000000000000e+04 4.200000000000000000e+01 6.800000000000000000e+01
2.524700000000000000e+04 4.800000000000000000e+01 7.700000000000000000e+01
2.525900000000000000e+04 4.300000000000000000e+01 7.500000000000000000e+01
2.529700000000000000e+04 4.100000000000000000e+01 8.000000000000000000e+01
2.530800000000000000e+04 4.500000000000000000e+01 7.900000000000000000e+01
2.533200000000000000e+04 3.600000000000000000e+01 7.700000000000000000e+01
2.538800000000000000e+04 4.100000000000000000e+01 7.900000000000000000e+01
2.539600000000000000e+04 3.600000000000000000e+01 7.300000000000000000e+01
2.540000000000000000e+04 4.600000000000000000e+01 7.800000000000000000e+01
2.545300000000000000e+04 3.400000000000000000e+01 7.200000000000000000e+01
