67
149
206
384
640
861
1406
1468
1874
1997
3120
3178
3312
3502
3681
3782
4107
4382
4581
4761
4927
5035
5208
5437
5442
5521
5596
5597
5651
5831
5955
6302
6385
6392
7313
7542
7641
7695
7965
7996
8014
8102
8266
8326
8372
8483
8530
8935
8954
9241
9531
10028
10386
10908
11231
11271
11777
12023
12089
12126
12133
12160
12238
12365
12587
12606
12623
12721
13040
13460
13662
13672
13918
13950
13982
14016
14458
14470
14549
14694
14787
14878
15027
15072
15387
15391
15396
15552
15591
15762
16181
16266
16469
16512
16606
17015
17074
17127
17318
17414
17759
17880
18143
18823
18861
19066
19610
19716
19870
19994
20107
20109
20160
20317
20347
20675
20962
21370
21635
21722
22061
22237
22373
22865
22878
22926
23008
23238
23619
23728
23925
24090
24109
24137
24569
24607
25197
25232
25233
25332
25396
