2.475000000000000000e+03 4.600000000000000000e+01 7.000000000000000000e+01
2.481000000000000000e+03 4.500000000000000000e+01 7.500000000000000000e+01
2.492000000000000000e+03 4.600000000000000000e+01 7.500000000000000000e+01
2.495000000000000000e+03 4.300000000000000000e+01 7.600000000000000000e+01
2.505000000000000000e+03 4.000000000000000000e+01 7.400000000000000000e+01
2.507000000000000000e+03 4.400000000000000000e+01 6.600000000000000000e+01
2.509000000000000000e+03 3.800000000000000000e+01 6.800000000000000000e+01
2.516000000000000000e+03 4.000000000000000000e+01 6.900000000000000000e+01
2.518000000000000000e+03 4.100000000000000000e+01 7.200000000000000000e+01
2.527000000000000000e+03 4.200000000000000000e+01 7.400000000000000000e+01
2.529000000000000000e+03 3.700000000000000000e+01 7.500000000000000000e+01
2.558000000000000000e+03 4.300000000000000000e+01 7.100000000000000000e+01
2.569000000000000000e+03 4.000000000000000000e+01 6.500000000000000000e+01
2.570000000000000000e+03 4.000000000000000000e+01 7.800000000000000000e+01
2.578000000000000000e+03 3.400000000000000000e+01 7.600000000000000000e+01
2.597000000000000000e+03 4.000000000000000000e+01 6.600000000000000000e+01
2.606000000000000000e+03 3.400000000000000000e+01 7.200000000000000000e+01
2.609000000000000000e+03 4.800000000000000000e+01 7.700000000000000000e+01
2.612000000000000000e+03 3.900000000000000000e+01 7.100000000000000000e+01
2.615000000000000000e+03 3.600000000000000000e+01 7.300000000000000000e+01
2.631000000000000000e+03 3.600000000000000000e+01 6.700000000000000000e+01
2.633000000000000000e+03 4.000000000000000000e+01 7.400000000000000000e+01
2.636000000000000000e+03 4.900000000000000000e+01 7.100000000000000000e+01
2.653000000000000000e+03 4.400000000000000000e+01 7.400000000000000000e+01
2.654000000000000000e+03 4.000000000000000000e+01 6.600000000000000000e+01
2.663000000000000000e+03 4.700000000000000000e+01 7.300000000000000000e+01
2.666000000000000000e+03 4.600000000000000000e+01 7.200000000000000000e+01
2.670000000000000000e+03 3.700000000000000000e+01 7.700000000000000000e+01
2.684000000000000000e+03 3.800000000000000000e+01 6.900000000000000000e+01
2.692000000000000000e+03 4.000000000000000000e+01 6.500000000000000000e+01
2.693000000000000000e+03 3.600000000000000000e+01 7.400000000000000000e+01
2.695000000000000000e+03 4.200000000000000000e+01 7.400000000000000000e+01
2.698000000000000000e+03 4.000000000000000000e+01 7.400000000000000000e+01
2.705000000000000000e+03 3.400000000000000000e+01 7.500000000000000000e+01
2.707000000000000000e+03 4.800000000000000000e+01 7.000000000000000000e+01
2.717000000000000000e+03 4.000000000000000000e+01 8.000000000000000000e+01
2.719000000000000000e+03 4.800000000000000000e+01 7.000000000000000000e+01
2.728000000000000000e+03 4.700000000000000000e+01 6.700000000000000000e+01
2.736000000000000000e+03 4.200000000000000000e+01 6.900000000000000000e+01
2.748000000000000000e+03 3.700000000000000000e+01 7.300000000000000000e+01
2.787000000000000000e+03 3.600000000000000000e+01 7.300000000000000000e+01
2.792000000000000000e+03 4.100000000000000000e+01 7.600000000000000000e+01
2.793000000000000000e+03 3.900000000000000000e+01 7.000000000000000000e+01
2.814000000000000000e+03 3.500000000000000000e+01 7.200000000000000000e+01
2.820000000000000000e+03 4.900000000000000000e+01 6.800000000000000000e+01
2.821000000000000000e+03 4.800000000000000000e+01 7.700000000000000000e+01
2.848000000000000000e+03 4.300000000000000000e+01 7.600000000000000000e+01
2.870000000000000000e+03 3.400000000000000000e+01 6.900000000000000000e+01
2.890000000000000000e+03 4.300000000000000000e+01 6.900000000000000000e+01
2.958000000000000000e+03 4.500000000000000000e+01 7.900000000000000000e+01
2.960000000000000000e+03 4.700000000000000000e+01 6.800000000000000000e+01
2.980000000000000000e+03 4.600000000000000000e+01 7.600000000000000000e+01
3.011000000000000000e+03 3.500000000000000000e+01 7.200000000000000000e+01
3.012000000000000000e+03 4.200000000000000000e+01 6.900000000000000000e+01
3.013000000000000000e+03 4.400000000000000000e+01 6.800000000000000000e+01
3.016000000000000000e+03 4.800000000000000000e+01 7.000000000000000000e+01
3.032000000000000000e+03 4.100000000000000000e+01 7.500000000000000000e+01
3.035000000000000000e+03 4.100000000000000000e+01 7.000000000000000000e+01
3.046000000000000000e+03 4.000000000000000000e+01 6.900000000000000000e+01
3.067000000000000000e+03 4.800000000000000000e+01 7.700000000000000000e+01
3.084000000000000000e+03 4.000000000000000000e+01 6.500000000000000000e+01
3.129000000000000000e+03 4.000000000000000000e+01 7.400000000000000000e+01
3.141000000000000000e+03 4.000000000000000000e+01 6.900000000000000000e+01
3.169000000000000000e+03 3.800000000000000000e+01 6.600000000000000000e+01
3.187000000000000000e+03 4.300000000000000000e+01 7.900000000000000000e+01
3.189000000000000000e+03 4.500000000000000000e+01 7.800000000000000000e+01
3.190000000000000000e+03 3.800000000000000000e+01 7.600000000000000000e+01
3.194000000000000000e+03 4.600000000000000000e+01 7.200000000000000000e+01
3.204000000000000000e+03 4.900000000000000000e+01 6.800000000000000000e+01
3.208000000000000000e+03 3.800000000000000000e+01 6.900000000000000000e+01
3.214000000000000000e+03 3.900000000000000000e+01 7.800000000000000000e+01
3.226000000000000000e+03 4.300000000000000000e+01 7.400000000000000000e+01
3.228000000000000000e+03 4.700000000000000000e+01 6.700000000000000000e+01
3.231000000000000000e+03 4.000000000000000000e+01 6.500000000000000000e+01
3.232000000000000000e+03 4.000000000000000000e+01 6.900000000000000000e+01
3.242000000000000000e+03 4.100000000000000000e+01 8.000000000000000000e+01
3.276000000000000000e+03 3.900000000000000000e+01 7.800000000000000000e+01
3.284000000000000000e+03 4.200000000000000000e+01 7.700000000000000000e+01
3.290000000000000000e+03 4.100000000000000000e+01 7.200000000000000000e+01
3.292000000000000000e+03 4.000000000000000000e+01 6.600000000000000000e+01
3.296000000000000000e+03 4.000000000000000000e+01 7.800000000000000000e+01
3.310000000000000000e+03 4.700000000000000000e+01 6.800000000000000000e+01
3.332000000000000000e+03 4.100000000000000000e+01 7.200000000000000000e+01
3.336000000000000000e+03 3.400000000000000000e+01 7.300000000000000000e+01
3.357000000000000000e+03 3.400000000000000000e+01 6.900000000000000000e+01
3.358000000000000000e+03 3.600000000000000000e+01 7.300000000000000000e+01
3.364000000000000000e+03 4.300000000000000000e+01 6.900000000000000000e+01
3.368000000000000000e+03 4.100000000000000000e+01 8.100000000000000000e+01
3.377000000000000000e+03 4.200000000000000000e+01 7.300000000000000000e+01
3.393000000000000000e+03 4.200000000000000000e+01 7.400000000000000000e+01
3.419000000000000000e+03 3.500000000000000000e+01 7.600000000000000000e+01
3.429000000000000000e+03 4.100000000000000000e+01 6.500000000000000000e+01
3.430000000000000000e+03 4.100000000000000000e+01 8.000000000000000000e+01
3.436000000000000000e+03 4.200000000000000000e+01 7.700000000000000000e+01
3.446000000000000000e+03 3.400000000000000000e+01 7.300000000000000000e+01
3.457000000000000000e+03 4.800000000000000000e+01 7.400000000000000000e+01
3.490000000000000000e+03 4.200000000000000000e+01 6.900000000000000000e+01
3.492000000000000000e+03 4.000000000000000000e+01 7.600000000000000000e+01
3.528000000000000000e+03 4.200000000000000000e+01 7.300000000000000000e+01
3.547000000000000000e+03 4.800000000000000000e+01 7.700000000000000000e+01
3.552000000000000000e+03 4.300000000000000000e+01 8.000000000000000000e+01
3.573000000000000000e+03 4.800000000000000000e+01 7.700000000000000000e+01
3.577000000000000000e+03 3.600000000000000000e+01 6.700000000000000000e+01
3.591000000000000000e+03 4.700000000000000000e+01 7.000000000000000000e+01
3.650000000000000000e+03 4.100000000000000000e+01 7.200000000000000000e+01
3.654000000000000000e+03 4.500000000000000000e+01 7.300000000000000000e+01
3.666000000000000000e+03 4.200000000000000000e+01 6.800000000000000000e+01
3.678000000000000000e+03 4.200000000000000000e+01 7.700000000000000000e+01
3.681000000000000000e+03 4.700000000000000000e+01 6.800000000000000000e+01
3.682000000000000000e+03 4.400000000000000000e+01 6.800000000000000000e+01
3.712000000000000000e+03 3.400000000000000000e+01 7.200000000000000000e+01
3.717000000000000000e+03 4.000000000000000000e+01 6.900000000000000000e+01
3.722000000000000000e+03 3.500000000000000000e+01 7.200000000000000000e+01
3.746000000000000000e+03 3.900000000000000000e+01 7.800000000000000000e+01
3.759000000000000000e+03 4.000000000000000000e+01 7.300000000000000000e+01
3.782000000000000000e+03 4.900000000000000000e+01 7.600000000000000000e+01
3.789000000000000000e+03 3.400000000000000000e+01 7.200000000000000000e+01
3.790000000000000000e+03 3.900000000000000000e+01 7.000000000000000000e+01
3.794000000000000000e+03 4.100000000000000000e+01 7.200000000000000000e+01
3.824000000000000000e+03 4.900000000000000000e+01 6.800000000000000000e+01
3.825000000000000000e+03 4.600000000000000000e+01 7.300000000000000000e+01
3.834000000000000000e+03 3.900000000000000000e+01 7.000000000000000000e+01
3.842000000000000000e+03 4.400000000000000000e+01 7.700000000000000000e+01
3.846000000000000000e+03 3.900000000000000000e+01 6.800000000000000000e+01
3.849000000000000000e+03 3.400000000000000000e+01 7.000000000000000000e+01
3.855000000000000000e+03 4.400000000000000000e+01 7.400000000000000000e+01
3.861000000000000000e+03 3.900000000000000000e+01 7.800000000000000000e+01
3.867000000000000000e+03 4.400000000000000000e+01 6.600000000000000000e+01
3.878000000000000000e+03 4.200000000000000000e+01 7.200000000000000000e+01
3.883000000000000000e+03 3.500000000000000000e+01 7.100000000000000000e+01
3.910000000000000000e+03 3.800000000000000000e+01 7.500000000000000000e+01
3.911000000000000000e+03 3.600000000000000000e+01 6.900000000000000000e+01
3.925000000000000000e+03 4.700000000000000000e+01 6.800000000000000000e+01
3.933000000000000000e+03 3.800000000000000000e+01 6.600000000000000000e+01
3.935000000000000000e+03 4.000000000000000000e+01 6.500000000000000000e+01
3.942000000000000000e+03 4.300000000000000000e+01 7.400000000000000000e+01
3.946000000000000000e+03 4.200000000000000000e+01 7.700000000000000000e+01
3.960000000000000000e+03 3.800000000000000000e+01 7.900000000000000000e+01
3.977000000000000000e+03 4.600000000000000000e+01 7.000000000000000000e+01
3.979000000000000000e+03 4.300000000000000000e+01 7.500000000000000000e+01
3.982000000000000000e+03 4.100000000000000000e+01 7.200000000000000000e+01
4.005000000000000000e+03 3.700000000000000000e+01 7.500000000000000000e+01
4.009000000000000000e+03 4.000000000000000000e+01 7.900000000000000000e+01
4.033000000000000000e+03 4.300000000000000000e+01 6.500000000000000000e+01
4.047000000000000000e+03 4.100000000000000000e+01 7.000000000000000000e+01
4.059000000000000000e+03 4.100000000000000000e+01 8.000000000000000000e+01
4.069000000000000000e+03 3.400000000000000000e+01 7.500000000000000000e+01
4.082000000000000000e+03 4.900000000000000000e+01 6.800000000000000000e+01
4.092000000000000000e+03 4.200000000000000000e+01 7.600000000000000000e+01
4.128000000000000000e+03 3.900000000000000000e+01 6.800000000000000000e+01
4.136000000000000000e+03 4.300000000000000000e+01 7.500000000000000000e+01
4.162000000000000000e+03 4.400000000000000000e+01 7.200000000000000000e+01
4.168000000000000000e+03 4.700000000000000000e+01 7.500000000000000000e+01
4.188000000000000000e+03 3.900000000000000000e+01 6.800000000000000000e+01
4.191000000000000000e+03 3.400000000000000000e+01 7.300000000000000000e+01
4.198000000000000000e+03 3.800000000000000000e+01 7.200000000000000000e+01
4.210000000000000000e+03 4.500000000000000000e+01 7.300000000000000000e+01
4.238000000000000000e+03 3.900000000000000000e+01 6.500000000000000000e+01
4.249000000000000000e+03 4.400000000000000000e+01 7.700000000000000000e+01
4.255000000000000000e+03 3.500000000000000000e+01 7.200000000000000000e+01
4.263000000000000000e+03 4.100000000000000000e+01 7.200000000000000000e+01
4.276000000000000000e+03 4.900000000000000000e+01 6.800000000000000000e+01
4.279000000000000000e+03 4.100000000000000000e+01 7.300000000000000000e+01
4.283000000000000000e+03 4.800000000000000000e+01 7.500000000000000000e+01
4.288000000000000000e+03 4.700000000000000000e+01 6.700000000000000000e+01
4.297000000000000000e+03 3.700000000000000000e+01 7.000000000000000000e+01
4.331000000000000000e+03 3.800000000000000000e+01 7.900000000000000000e+01
4.334000000000000000e+03 4.100000000000000000e+01 7.900000000000000000e+01
4.350000000000000000e+03 4.300000000000000000e+01 6.900000000000000000e+01
4.371000000000000000e+03 3.800000000000000000e+01 6.600000000000000000e+01
4.373000000000000000e+03 4.100000000000000000e+01 7.600000000000000000e+01
4.379000000000000000e+03 4.600000000000000000e+01 7.300000000000000000e+01
4.388000000000000000e+03 4.300000000000000000e+01 6.900000000000000000e+01
4.399000000000000000e+03 4.800000000000000000e+01 7.500000000000000000e+01
4.415000000000000000e+03 4.800000000000000000e+01 7.000000000000000000e+01
4.435000000000000000e+03 4.300000000000000000e+01 7.800000000000000000e+01
4.437000000000000000e+03 3.600000000000000000e+01 7.300000000000000000e+01
4.442000000000000000e+03 4.200000000000000000e+01 7.300000000000000000e+01
4.444000000000000000e+03 3.400000000000000000e+01 7.700000000000000000e+01
4.457000000000000000e+03 3.500000000000000000e+01 7.200000000000000000e+01
4.472000000000000000e+03 3.900000000000000000e+01 6.800000000000000000e+01
4.474000000000000000e+03 4.600000000000000000e+01 7.000000000000000000e+01
4.484000000000000000e+03 3.400000000000000000e+01 7.200000000000000000e+01
4.487000000000000000e+03 4.500000000000000000e+01 7.900000000000000000e+01
4.503000000000000000e+03 3.900000000000000000e+01 6.800000000000000000e+01
4.515000000000000000e+03 4.200000000000000000e+01 7.000000000000000000e+01
4.523000000000000000e+03 4.200000000000000000e+01 7.100000000000000000e+01
4.529000000000000000e+03 3.800000000000000000e+01 7.900000000000000000e+01
4.533000000000000000e+03 3.400000000000000000e+01 7.600000000000000000e+01
4.547000000000000000e+03 3.600000000000000000e+01 6.700000000000000000e+01
4.558000000000000000e+03 4.100000000000000000e+01 7.900000000000000000e+01
4.559000000000000000e+03 4.000000000000000000e+01 7.900000000000000000e+01
4.561000000000000000e+03 4.200000000000000000e+01 7.400000000000000000e+01
4.576000000000000000e+03 4.400000000000000000e+01 6.900000000000000000e+01
4.587000000000000000e+03 4.000000000000000000e+01 8.000000000000000000e+01
4.593000000000000000e+03 4.900000000000000000e+01 6.800000000000000000e+01
4.628000000000000000e+03 4.200000000000000000e+01 7.400000000000000000e+01
4.629000000000000000e+03 3.500000000000000000e+01 7.100000000000000000e+01
4.648000000000000000e+03 4.500000000000000000e+01 7.300000000000000000e+01
4.661000000000000000e+03 4.100000000000000000e+01 7.600000000000000000e+01
4.680000000000000000e+03 4.200000000000000000e+01 7.400000000000000000e+01
4.684000000000000000e+03 4.000000000000000000e+01 7.300000000000000000e+01
4.685000000000000000e+03 4.600000000000000000e+01 7.800000000000000000e+01
4.691000000000000000e+03 3.800000000000000000e+01 6.900000000000000000e+01
4.711000000000000000e+03 4.200000000000000000e+01 7.400000000000000000e+01
4.716000000000000000e+03 3.900000000000000000e+01 6.800000000000000000e+01
4.725000000000000000e+03 3.800000000000000000e+01 7.300000000000000000e+01
4.747000000000000000e+03 4.200000000000000000e+01 7.700000000000000000e+01
4.752000000000000000e+03 4.300000000000000000e+01 7.800000000000000000e+01
4.766000000000000000e+03 4.200000000000000000e+01 6.800000000000000000e+01
4.785000000000000000e+03 4.800000000000000000e+01 7.500000000000000000e+01
4.793000000000000000e+03 3.500000000000000000e+01 6.800000000000000000e+01
4.802000000000000000e+03 3.600000000000000000e+01 6.900000000000000000e+01
4.811000000000000000e+03 4.100000000000000000e+01 6.700000000000000000e+01
4.822000000000000000e+03 4.100000000000000000e+01 7.900000000000000000e+01
4.833000000000000000e+03 4.100000000000000000e+01 6.700000000000000000e+01
4.845000000000000000e+03 4.600000000000000000e+01 7.400000000000000000e+01
4.851000000000000000e+03 4.600000000000000000e+01 7.200000000000000000e+01
4.864000000000000000e+03 3.800000000000000000e+01 6.800000000000000000e+01
4.869000000000000000e+03 4.900000000000000000e+01 7.600000000000000000e+01
4.871000000000000000e+03 4.600000000000000000e+01 7.600000000000000000e+01
4.902000000000000000e+03 4.800000000000000000e+01 7.000000000000000000e+01
4.905000000000000000e+03 3.400000000000000000e+01 6.800000000000000000e+01
4.928000000000000000e+03 3.400000000000000000e+01 7.200000000000000000e+01
4.944000000000000000e+03 3.700000000000000000e+01 7.000000000000000000e+01
4.947000000000000000e+03 3.500000000000000000e+01 7.200000000000000000e+01
4.950000000000000000e+03 4.400000000000000000e+01 7.700000000000000000e+01
4.952000000000000000e+03 4.300000000000000000e+01 7.400000000000000000e+01
4.954000000000000000e+03 4.500000000000000000e+01 7.500000000000000000e+01
4.958000000000000000e+03 4.500000000000000000e+01 7.500000000000000000e+01
4.995000000000000000e+03 4.200000000000000000e+01 6.800000000000000000e+01
5.008000000000000000e+03 4.100000000000000000e+01 7.000000000000000000e+01
5.021000000000000000e+03 3.900000000000000000e+01 6.800000000000000000e+01
5.026000000000000000e+03 3.800000000000000000e+01 6.800000000000000000e+01
5.028000000000000000e+03 4.200000000000000000e+01 6.900000000000000000e+01
5.033000000000000000e+03 4.900000000000000000e+01 7.400000000000000000e+01
5.039000000000000000e+03 3.400000000000000000e+01 7.700000000000000000e+01
5.046000000000000000e+03 4.300000000000000000e+01 7.100000000000000000e+01
5.050000000000000000e+03 4.600000000000000000e+01 7.000000000000000000e+01
5.053000000000000000e+03 4.200000000000000000e+01 7.300000000000000000e+01
5.061000000000000000e+03 4.500000000000000000e+01 7.000000000000000000e+01
5.073000000000000000e+03 4.000000000000000000e+01 7.300000000000000000e+01
5.077000000000000000e+03 3.700000000000000000e+01 7.300000000000000000e+01
5.079000000000000000e+03 3.700000000000000000e+01 7.300000000000000000e+01
5.117000000000000000e+03 3.600000000000000000e+01 7.400000000000000000e+01
5.130000000000000000e+03 4.300000000000000000e+01 6.500000000000000000e+01
5.140000000000000000e+03 3.800000000000000000e+01 6.900000000000000000e+01
5.153000000000000000e+03 4.300000000000000000e+01 7.100000000000000000e+01
5.164000000000000000e+03 4.600000000000000000e+01 7.300000000000000000e+01
5.167000000000000000e+03 4.000000000000000000e+01 7.900000000000000000e+01
5.190000000000000000e+03 4.200000000000000000e+01 6.900000000000000000e+01
5.192000000000000000e+03 4.500000000000000000e+01 7.100000000000000000e+01
5.202000000000000000e+03 3.900000000000000000e+01 7.700000000000000000e+01
5.227000000000000000e+03 4.900000000000000000e+01 7.600000000000000000e+01
5.235000000000000000e+03 4.800000000000000000e+01 7.700000000000000000e+01
5.236000000000000000e+03 4.100000000000000000e+01 6.500000000000000000e+01
5.237000000000000000e+03 4.800000000000000000e+01 7.500000000000000000e+01
5.242000000000000000e+03 4.600000000000000000e+01 7.200000000000000000e+01
5.256000000000000000e+03 4.500000000000000000e+01 7.000000000000000000e+01
5.265000000000000000e+03 4.600000000000000000e+01 7.300000000000000000e+01
5.300000000000000000e+03 4.300000000000000000e+01 7.900000000000000000e+01
5.322000000000000000e+03 4.800000000000000000e+01 7.700000000000000000e+01
5.345000000000000000e+03 3.700000000000000000e+01 7.700000000000000000e+01
5.346000000000000000e+03 4.800000000000000000e+01 7.500000000000000000e+01
5.348000000000000000e+03 3.600000000000000000e+01 6.900000000000000000e+01
5.353000000000000000e+03 4.100000000000000000e+01 6.500000000000000000e+01
5.366000000000000000e+03 4.300000000000000000e+01 7.600000000000000000e+01
5.375000000000000000e+03 4.700000000000000000e+01 6.800000000000000000e+01
5.390000000000000000e+03 4.300000000000000000e+01 6.900000000000000000e+01
5.398000000000000000e+03 4.100000000000000000e+01 7.000000000000000000e+01
5.416000000000000000e+03 3.700000000000000000e+01 7.700000000000000000e+01
5.430000000000000000e+03 3.900000000000000000e+01 7.600000000000000000e+01
5.438000000000000000e+03 3.800000000000000000e+01 6.900000000000000000e+01
5.439000000000000000e+03 4.000000000000000000e+01 6.600000000000000000e+01
5.444000000000000000e+03 4.200000000000000000e+01 7.000000000000000000e+01
5.462000000000000000e+03 4.700000000000000000e+01 7.300000000000000000e+01
5.472000000000000000e+03 4.000000000000000000e+01 7.900000000000000000e+01
5.481000000000000000e+03 4.700000000000000000e+01 6.800000000000000000e+01
5.486000000000000000e+03 4.400000000000000000e+01 7.200000000000000000e+01
5.496000000000000000e+03 4.600000000000000000e+01 7.300000000000000000e+01
5.525000000000000000e+03 3.700000000000000000e+01 7.300000000000000000e+01
5.539000000000000000e+03 4.000000000000000000e+01 7.300000000000000000e+01
5.543000000000000000e+03 4.800000000000000000e+01 7.700000000000000000e+01
5.546000000000000000e+03 4.300000000000000000e+01 6.500000000000000000e+01
5.547000000000000000e+03 3.400000000000000000e+01 7.200000000000000000e+01
5.548000000000000000e+03 3.400000000000000000e+01 7.300000000000000000e+01
5.580000000000000000e+03 3.600000000000000000e+01 6.900000000000000000e+01
5.583000000000000000e+03 4.000000000000000000e+01 6.500000000000000000e+01
5.597000000000000000e+03 4.300000000000000000e+01 7.400000000000000000e+01
5.601000000000000000e+03 4.700000000000000000e+01 7.300000000000000000e+01
5.614000000000000000e+03 4.900000000000000000e+01 6.800000000000000000e+01
5.623000000000000000e+03 3.400000000000000000e+01 7.200000000000000000e+01
5.629000000000000000e+03 4.100000000000000000e+01 7.000000000000000000e+01
5.630000000000000000e+03 4.700000000000000000e+01 7.300000000000000000e+01
5.631000000000000000e+03 3.600000000000000000e+01 7.300000000000000000e+01
5.635000000000000000e+03 4.000000000000000000e+01 7.700000000000000000e+01
5.639000000000000000e+03 4.100000000000000000e+01 7.900000000000000000e+01
5.640000000000000000e+03 3.800000000000000000e+01 7.600000000000000000e+01
5.658000000000000000e+03 4.200000000000000000e+01 7.300000000000000000e+01
5.662000000000000000e+03 4.700000000000000000e+01 6.700000000000000000e+01
5.668000000000000000e+03 4.800000000000000000e+01 7.100000000000000000e+01
5.671000000000000000e+03 4.100000000000000000e+01 6.700000000000000000e+01
5.676000000000000000e+03 4.300000000000000000e+01 6.500000000000000000e+01
5.678000000000000000e+03 4.300000000000000000e+01 7.900000000000000000e+01
5.687000000000000000e+03 4.600000000000000000e+01 7.500000000000000000e+01
5.698000000000000000e+03 4.700000000000000000e+01 7.300000000000000000e+01
5.703000000000000000e+03 4.900000000000000000e+01 6.800000000000000000e+01
5.717000000000000000e+03 4.200000000000000000e+01 6.900000000000000000e+01
5.725000000000000000e+03 3.600000000000000000e+01 7.400000000000000000e+01
5.734000000000000000e+03 3.400000000000000000e+01 7.600000000000000000e+01
5.741000000000000000e+03 4.300000000000000000e+01 6.900000000000000000e+01
5.743000000000000000e+03 3.400000000000000000e+01 6.800000000000000000e+01
5.789000000000000000e+03 3.800000000000000000e+01 7.800000000000000000e+01
5.803000000000000000e+03 4.000000000000000000e+01 7.400000000000000000e+01
5.825000000000000000e+03 4.200000000000000000e+01 7.700000000000000000e+01
5.831000000000000000e+03 4.400000000000000000e+01 7.400000000000000000e+01
5.849000000000000000e+03 4.000000000000000000e+01 7.600000000000000000e+01
5.859000000000000000e+03 4.000000000000000000e+01 7.300000000000000000e+01
5.864000000000000000e+03 4.300000000000000000e+01 6.900000000000000000e+01
5.898000000000000000e+03 4.600000000000000000e+01 7.300000000000000000e+01
5.899000000000000000e+03 4.400000000000000000e+01 7.400000000000000000e+01
5.903000000000000000e+03 3.700000000000000000e+01 7.500000000000000000e+01
5.907000000000000000e+03 4.500000000000000000e+01 7.500000000000000000e+01
5.910000000000000000e+03 4.000000000000000000e+01 6.500000000000000000e+01
5.913000000000000000e+03 4.800000000000000000e+01 7.500000000000000000e+01
5.918000000000000000e+03 4.100000000000000000e+01 6.500000000000000000e+01
5.928000000000000000e+03 3.400000000000000000e+01 6.800000000000000000e+01
5.949000000000000000e+03 4.100000000000000000e+01 7.900000000000000000e+01
5.963000000000000000e+03 4.100000000000000000e+01 7.600000000000000000e+01
5.966000000000000000e+03 3.600000000000000000e+01 6.700000000000000000e+01
5.972000000000000000e+03 4.300000000000000000e+01 7.500000000000000000e+01
5.977000000000000000e+03 4.700000000000000000e+01 6.900000000000000000e+01
5.983000000000000000e+03 4.300000000000000000e+01 7.100000000000000000e+01
5.986000000000000000e+03 4.500000000000000000e+01 7.500000000000000000e+01
6.009000000000000000e+03 3.500000000000000000e+01 7.500000000000000000e+01
6.015000000000000000e+03 3.900000000000000000e+01 6.800000000000000000e+01
6.016000000000000000e+03 4.000000000000000000e+01 7.700000000000000000e+01
6.026000000000000000e+03 4.000000000000000000e+01 6.600000000000000000e+01
6.032000000000000000e+03 4.600000000000000000e+01 7.800000000000000000e+01
6.039000000000000000e+03 3.500000000000000000e+01 7.400000000000000000e+01
6.058000000000000000e+03 3.600000000000000000e+01 7.400000000000000000e+01
6.064000000000000000e+03 3.700000000000000000e+01 7.500000000000000000e+01
6.072000000000000000e+03 4.300000000000000000e+01 7.100000000000000000e+01
6.074000000000000000e+03 4.300000000000000000e+01 7.100000000000000000e+01
6.101000000000000000e+03 4.400000000000000000e+01 6.800000000000000000e+01
6.107000000000000000e+03 4.600000000000000000e+01 7.200000000000000000e+01
6.115000000000000000e+03 3.400000000000000000e+01 7.600000000000000000e+01
6.118000000000000000e+03 4.800000000000000000e+01 7.500000000000000000e+01
6.119000000000000000e+03 3.900000000000000000e+01 7.800000000000000000e+01
6.125000000000000000e+03 3.400000000000000000e+01 7.600000000000000000e+01
6.135000000000000000e+03 4.500000000000000000e+01 7.500000000000000000e+01
6.152000000000000000e+03 3.600000000000000000e+01 7.800000000000000000e+01
6.160000000000000000e+03 4.400000000000000000e+01 6.900000000000000000e+01
6.161000000000000000e+03 3.400000000000000000e+01 7.700000000000000000e+01
6.164000000000000000e+03 3.400000000000000000e+01 7.200000000000000000e+01
6.168000000000000000e+03 4.800000000000000000e+01 7.500000000000000000e+01
6.169000000000000000e+03 3.700000000000000000e+01 7.700000000000000000e+01
6.171000000000000000e+03 3.500000000000000000e+01 7.500000000000000000e+01
6.176000000000000000e+03 4.100000000000000000e+01 6.600000000000000000e+01
6.193000000000000000e+03 4.100000000000000000e+01 6.600000000000000000e+01
6.207000000000000000e+03 4.200000000000000000e+01 7.000000000000000000e+01
6.220000000000000000e+03 4.900000000000000000e+01 7.600000000000000000e+01
6.224000000000000000e+03 3.600000000000000000e+01 6.900000000000000000e+01
6.230000000000000000e+03 3.800000000000000000e+01 6.600000000000000000e+01
6.233000000000000000e+03 4.700000000000000000e+01 7.000000000000000000e+01
6.241000000000000000e+03 3.600000000000000000e+01 7.800000000000000000e+01
6.266000000000000000e+03 4.500000000000000000e+01 7.800000000000000000e+01
6.271000000000000000e+03 3.600000000000000000e+01 7.800000000000000000e+01
6.293000000000000000e+03 4.100000000000000000e+01 7.000000000000000000e+01
6.296000000000000000e+03 4.700000000000000000e+01 6.700000000000000000e+01
6.314000000000000000e+03 4.000000000000000000e+01 8.000000000000000000e+01
6.321000000000000000e+03 4.600000000000000000e+01 7.000000000000000000e+01
6.328000000000000000e+03 3.900000000000000000e+01 7.800000000000000000e+01
6.334000000000000000e+03 3.500000000000000000e+01 7.200000000000000000e+01
6.351000000000000000e+03 4.700000000000000000e+01 6.800000000000000000e+01
6.363000000000000000e+03 4.800000000000000000e+01 7.700000000000000000e+01
6.388000000000000000e+03 3.400000000000000000e+01 7.600000000000000000e+01
6.390000000000000000e+03 3.800000000000000000e+01 6.800000000000000000e+01
6.393000000000000000e+03 4.500000000000000000e+01 7.500000000000000000e+01
6.399000000000000000e+03 4.800000000000000000e+01 7.700000000000000000e+01
6.401000000000000000e+03 3.400000000000000000e+01 7.500000000000000000e+01
6.409000000000000000e+03 3.900000000000000000e+01 7.200000000000000000e+01
6.415000000000000000e+03 3.900000000000000000e+01 7.600000000000000000e+01
6.443000000000000000e+03 4.300000000000000000e+01 7.400000000000000000e+01
6.446000000000000000e+03 4.300000000000000000e+01 6.900000000000000000e+01
6.456000000000000000e+03 3.700000000000000000e+01 7.000000000000000000e+01
6.486000000000000000e+03 4.200000000000000000e+01 7.000000000000000000e+01
6.519000000000000000e+03 4.100000000000000000e+01 6.500000000000000000e+01
6.524000000000000000e+03 4.600000000000000000e+01 7.600000000000000000e+01
6.527000000000000000e+03 4.100000000000000000e+01 7.000000000000000000e+01
6.529000000000000000e+03 3.600000000000000000e+01 7.300000000000000000e+01
6.537000000000000000e+03 3.400000000000000000e+01 7.300000000000000000e+01
6.542000000000000000e+03 4.700000000000000000e+01 6.700000000000000000e+01
6.559000000000000000e+03 4.000000000000000000e+01 7.300000000000000000e+01
6.560000000000000000e+03 4.000000000000000000e+01 6.500000000000000000e+01
6.563000000000000000e+03 4.200000000000000000e+01 7.400000000000000000e+01
6.566000000000000000e+03 4.300000000000000000e+01 6.900000000000000000e+01
6.568000000000000000e+03 4.300000000000000000e+01 7.100000000000000000e+01
6.576000000000000000e+03 4.400000000000000000e+01 6.600000000000000000e+01
6.579000000000000000e+03 3.400000000000000000e+01 6.900000000000000000e+01
6.596000000000000000e+03 3.800000000000000000e+01 6.600000000000000000e+01
6.597000000000000000e+03 4.200000000000000000e+01 6.800000000000000000e+01
6.598000000000000000e+03 3.900000000000000000e+01 7.200000000000000000e+01
6.607000000000000000e+03 3.600000000000000000e+01 6.900000000000000000e+01
6.610000000000000000e+03 4.400000000000000000e+01 6.900000000000000000e+01
6.623000000000000000e+03 4.600000000000000000e+01 7.600000000000000000e+01
6.641000000000000000e+03 3.800000000000000000e+01 6.800000000000000000e+01
6.645000000000000000e+03 3.800000000000000000e+01 6.800000000000000000e+01
6.646000000000000000e+03 4.300000000000000000e+01 7.400000000000000000e+01
6.652000000000000000e+03 4.800000000000000000e+01 7.700000000000000000e+01
6.654000000000000000e+03 4.200000000000000000e+01 6.900000000000000000e+01
6.658000000000000000e+03 4.000000000000000000e+01 7.300000000000000000e+01
6.662000000000000000e+03 3.800000000000000000e+01 7.600000000000000000e+01
6.674000000000000000e+03 4.800000000000000000e+01 7.100000000000000000e+01
6.694000000000000000e+03 4.600000000000000000e+01 7.600000000000000000e+01
6.705000000000000000e+03 4.600000000000000000e+01 7.600000000000000000e+01
6.719000000000000000e+03 4.600000000000000000e+01 7.000000000000000000e+01
6.722000000000000000e+03 3.400000000000000000e+01 6.800000000000000000e+01
6.729000000000000000e+03 4.300000000000000000e+01 6.700000000000000000e+01
6.737000000000000000e+03 4.100000000000000000e+01 6.700000000000000000e+01
6.741000000000000000e+03 4.500000000000000000e+01 7.000000000000000000e+01
6.760000000000000000e+03 4.800000000000000000e+01 7.500000000000000000e+01
6.763000000000000000e+03 3.600000000000000000e+01 7.300000000000000000e+01
6.777000000000000000e+03 3.800000000000000000e+01 6.600000000000000000e+01
6.785000000000000000e+03 4.000000000000000000e+01 7.400000000000000000e+01
6.790000000000000000e+03 4.100000000000000000e+01 7.700000000000000000e+01
6.791000000000000000e+03 3.800000000000000000e+01 6.900000000000000000e+01
6.798000000000000000e+03 4.500000000000000000e+01 7.500000000000000000e+01
6.810000000000000000e+03 3.700000000000000000e+01 7.300000000000000000e+01
6.821000000000000000e+03 3.600000000000000000e+01 7.200000000000000000e+01
6.826000000000000000e+03 4.500000000000000000e+01 7.800000000000000000e+01
6.839000000000000000e+03 4.500000000000000000e+01 7.300000000000000000e+01
6.850000000000000000e+03 4.100000000000000000e+01 7.000000000000000000e+01
6.865000000000000000e+03 4.000000000000000000e+01 7.800000000000000000e+01
6.869000000000000000e+03 3.800000000000000000e+01 6.800000000000000000e+01
6.891000000000000000e+03 3.600000000000000000e+01 7.400000000000000000e+01
6.893000000000000000e+03 3.800000000000000000e+01 6.600000000000000000e+01
6.904000000000000000e+03 4.000000000000000000e+01 7.400000000000000000e+01
6.924000000000000000e+03 4.000000000000000000e+01 7.800000000000000000e+01
6.936000000000000000e+03 3.900000000000000000e+01 7.200000000000000000e+01
6.942000000000000000e+03 4.600000000000000000e+01 7.300000000000000000e+01
6.976000000000000000e+03 4.900000000000000000e+01 7.100000000000000000e+01
6.980000000000000000e+03 4.600000000000000000e+01 7.800000000000000000e+01
6.990000000000000000e+03 3.400000000000000000e+01 7.200000000000000000e+01
6.994000000000000000e+03 3.600000000000000000e+01 7.800000000000000000e+01
6.996000000000000000e+03 4.500000000000000000e+01 7.700000000000000000e+01
7.002000000000000000e+03 4.000000000000000000e+01 7.100000000000000000e+01
7.014000000000000000e+03 4.000000000000000000e+01 6.900000000000000000e+01
7.018000000000000000e+03 4.200000000000000000e+01 7.900000000000000000e+01
7.024000000000000000e+03 4.200000000000000000e+01 7.700000000000000000e+01
7.050000000000000000e+03 4.000000000000000000e+01 7.800000000000000000e+01
7.052000000000000000e+03 4.500000000000000000e+01 7.800000000000000000e+01
7.056000000000000000e+03 4.600000000000000000e+01 7.300000000000000000e+01
7.062000000000000000e+03 3.400000000000000000e+01 6.800000000000000000e+01
7.070000000000000000e+03 3.900000000000000000e+01 7.100000000000000000e+01
7.091000000000000000e+03 4.000000000000000000e+01 6.900000000000000000e+01
7.108000000000000000e+03 4.200000000000000000e+01 7.400000000000000000e+01
7.109000000000000000e+03 4.500000000000000000e+01 7.800000000000000000e+01
7.110000000000000000e+03 4.400000000000000000e+01 7.200000000000000000e+01
7.115000000000000000e+03 4.800000000000000000e+01 7.100000000000000000e+01
7.121000000000000000e+03 4.100000000000000000e+01 7.300000000000000000e+01
7.129000000000000000e+03 4.600000000000000000e+01 7.300000000000000000e+01
7.146000000000000000e+03 3.700000000000000000e+01 7.700000000000000000e+01
7.158000000000000000e+03 4.600000000000000000e+01 7.500000000000000000e+01
7.159000000000000000e+03 4.700000000000000000e+01 7.000000000000000000e+01
7.161000000000000000e+03 4.000000000000000000e+01 7.800000000000000000e+01
7.173000000000000000e+03 4.200000000000000000e+01 7.700000000000000000e+01
7.198000000000000000e+03 4.100000000000000000e+01 6.500000000000000000e+01
7.248000000000000000e+03 4.800000000000000000e+01 7.400000000000000000e+01
7.251000000000000000e+03 4.300000000000000000e+01 6.500000000000000000e+01
7.262000000000000000e+03 4.800000000000000000e+01 6.900000000000000000e+01
7.264000000000000000e+03 4.500000000000000000e+01 7.900000000000000000e+01
7.300000000000000000e+03 4.300000000000000000e+01 7.100000000000000000e+01
7.324000000000000000e+03 4.300000000000000000e+01 7.100000000000000000e+01
7.333000000000000000e+03 3.800000000000000000e+01 6.900000000000000000e+01
7.338000000000000000e+03 4.100000000000000000e+01 7.900000000000000000e+01
7.341000000000000000e+03 4.000000000000000000e+01 7.700000000000000000e+01
7.342000000000000000e+03 4.300000000000000000e+01 7.800000000000000000e+01
7.343000000000000000e+03 4.900000000000000000e+01 7.600000000000000000e+01
7.345000000000000000e+03 4.800000000000000000e+01 7.500000000000000000e+01
7.348000000000000000e+03 4.800000000000000000e+01 7.700000000000000000e+01
7.366000000000000000e+03 4.800000000000000000e+01 7.100000000000000000e+01
7.368000000000000000e+03 3.800000000000000000e+01 6.900000000000000000e+01
7.371000000000000000e+03 4.100000000000000000e+01 7.700000000000000000e+01
7.381000000000000000e+03 4.400000000000000000e+01 6.600000000000000000e+01
7.393000000000000000e+03 4.900000000000000000e+01 6.800000000000000000e+01
7.402000000000000000e+03 3.600000000000000000e+01 7.700000000000000000e+01
7.408000000000000000e+03 4.200000000000000000e+01 6.800000000000000000e+01
7.409000000000000000e+03 4.200000000000000000e+01 7.400000000000000000e+01
7.419000000000000000e+03 4.500000000000000000e+01 7.700000000000000000e+01
7.450000000000000000e+03 4.600000000000000000e+01 7.400000000000000000e+01
7.455000000000000000e+03 3.500000000000000000e+01 7.500000000000000000e+01
7.456000000000000000e+03 3.900000000000000000e+01 7.600000000000000000e+01
7.470000000000000000e+03 3.400000000000000000e+01 7.200000000000000000e+01
7.493000000000000000e+03 3.800000000000000000e+01 7.500000000000000000e+01
7.504000000000000000e+03 4.400000000000000000e+01 7.700000000000000000e+01
7.506000000000000000e+03 4.200000000000000000e+01 6.900000000000000000e+01
7.525000000000000000e+03 3.800000000000000000e+01 6.600000000000000000e+01
7.533000000000000000e+03 4.200000000000000000e+01 7.700000000000000000e+01
7.542000000000000000e+03 4.000000000000000000e+01 7.300000000000000000e+01
7.550000000000000000e+03 3.900000000000000000e+01 7.000000000000000000e+01
7.554000000000000000e+03 3.700000000000000000e+01 7.100000000000000000e+01
7.563000000000000000e+03 3.400000000000000000e+01 7.200000000000000000e+01
7.569000000000000000e+03 4.400000000000000000e+01 6.900000000000000000e+01
7.580000000000000000e+03 4.000000000000000000e+01 6.500000000000000000e+01
7.582000000000000000e+03 4.300000000000000000e+01 7.800000000000000000e+01
7.591000000000000000e+03 3.400000000000000000e+01 6.900000000000000000e+01
7.615000000000000000e+03 4.600000000000000000e+01 7.300000000000000000e+01
7.640000000000000000e+03 4.300000000000000000e+01 7.100000000000000000e+01
7.651000000000000000e+03 4.800000000000000000e+01 7.700000000000000000e+01
7.653000000000000000e+03 4.700000000000000000e+01 7.600000000000000000e+01
7.657000000000000000e+03 4.200000000000000000e+01 7.700000000000000000e+01
7.658000000000000000e+03 4.600000000000000000e+01 7.000000000000000000e+01
7.664000000000000000e+03 4.900000000000000000e+01 7.600000000000000000e+01
7.666000000000000000e+03 4.500000000000000000e+01 7.500000000000000000e+01
7.686000000000000000e+03 4.600000000000000000e+01 7.000000000000000000e+01
7.689000000000000000e+03 4.100000000000000000e+01 7.900000000000000000e+01
7.701000000000000000e+03 3.600000000000000000e+01 7.400000000000000000e+01
7.709000000000000000e+03 4.400000000000000000e+01 7.700000000000000000e+01
7.717000000000000000e+03 4.900000000000000000e+01 7.200000000000000000e+01
7.723000000000000000e+03 3.700000000000000000e+01 7.500000000000000000e+01
7.744000000000000000e+03 3.800000000000000000e+01 6.800000000000000000e+01
7.745000000000000000e+03 4.300000000000000000e+01 7.100000000000000000e+01
7.749000000000000000e+03 4.800000000000000000e+01 7.700000000000000000e+01
7.756000000000000000e+03 3.800000000000000000e+01 6.900000000000000000e+01
7.782000000000000000e+03 4.100000000000000000e+01 7.900000000000000000e+01
7.789000000000000000e+03 4.600000000000000000e+01 7.000000000000000000e+01
7.833000000000000000e+03 3.600000000000000000e+01 7.400000000000000000e+01
7.834000000000000000e+03 4.300000000000000000e+01 7.800000000000000000e+01
7.841000000000000000e+03 4.300000000000000000e+01 6.900000000000000000e+01
7.843000000000000000e+03 3.400000000000000000e+01 7.300000000000000000e+01
7.854000000000000000e+03 4.300000000000000000e+01 6.500000000000000000e+01
7.864000000000000000e+03 4.000000000000000000e+01 6.500000000000000000e+01
7.870000000000000000e+03 3.400000000000000000e+01 6.800000000000000000e+01
7.871000000000000000e+03 3.900000000000000000e+01 7.600000000000000000e+01
7.910000000000000000e+03 4.000000000000000000e+01 6.900000000000000000e+01
7.919000000000000000e+03 4.100000000000000000e+01 6.500000000000000000e+01
7.932000000000000000e+03 3.400000000000000000e+01 7.200000000000000000e+01
7.938000000000000000e+03 4.000000000000000000e+01 8.000000000000000000e+01
7.947000000000000000e+03 4.600000000000000000e+01 7.500000000000000000e+01
7.956000000000000000e+03 4.000000000000000000e+01 6.900000000000000000e+01
7.966000000000000000e+03 3.600000000000000000e+01 7.200000000000000000e+01
7.978000000000000000e+03 3.400000000000000000e+01 7.300000000000000000e+01
7.994000000000000000e+03 4.000000000000000000e+01 7.900000000000000000e+01
8.000000000000000000e+03 3.800000000000000000e+01 7.300000000000000000e+01
8.001000000000000000e+03 3.400000000000000000e+01 7.700000000000000000e+01
8.028000000000000000e+03 3.700000000000000000e+01 7.500000000000000000e+01
8.031000000000000000e+03 4.800000000000000000e+01 7.700000000000000000e+01
8.036000000000000000e+03 4.800000000000000000e+01 7.000000000000000000e+01
8.040000000000000000e+03 4.600000000000000000e+01 7.200000000000000000e+01
8.050000000000000000e+03 4.500000000000000000e+01 7.600000000000000000e+01
8.057000000000000000e+03 4.100000000000000000e+01 6.700000000000000000e+01
8.079000000000000000e+03 4.600000000000000000e+01 7.500000000000000000e+01
8.082000000000000000e+03 3.800000000000000000e+01 7.600000000000000000e+01
8.085000000000000000e+03 4.200000000000000000e+01 7.900000000000000000e+01
8.091000000000000000e+03 3.900000000000000000e+01 7.200000000000000000e+01
8.113000000000000000e+03 3.400000000000000000e+01 6.800000000000000000e+01
8.118000000000000000e+03 3.500000000000000000e+01 7.200000000000000000e+01
8.131000000000000000e+03 4.400000000000000000e+01 7.400000000000000000e+01
8.159000000000000000e+03 4.100000000000000000e+01 7.500000000000000000e+01
8.160000000000000000e+03 4.300000000000000000e+01 7.100000000000000000e+01
8.172000000000000000e+03 4.000000000000000000e+01 6.500000000000000000e+01
8.185000000000000000e+03 4.400000000000000000e+01 6.600000000000000000e+01
8.192000000000000000e+03 4.400000000000000000e+01 6.900000000000000000e+01
8.203000000000000000e+03 4.400000000000000000e+01 7.200000000000000000e+01
8.209000000000000000e+03 4.100000000000000000e+01 7.000000000000000000e+01
8.256000000000000000e+03 4.900000000000000000e+01 6.800000000000000000e+01
8.271000000000000000e+03 3.400000000000000000e+01 7.300000000000000000e+01
8.274000000000000000e+03 4.200000000000000000e+01 7.400000000000000000e+01
8.282000000000000000e+03 3.800000000000000000e+01 7.800000000000000000e+01
8.299000000000000000e+03 4.200000000000000000e+01 6.800000000000000000e+01
8.326000000000000000e+03 4.600000000000000000e+01 7.000000000000000000e+01
8.328000000000000000e+03 3.900000000000000000e+01 6.800000000000000000e+01
8.337000000000000000e+03 3.400000000000000000e+01 6.900000000000000000e+01
8.342000000000000000e+03 4.000000000000000000e+01 7.800000000000000000e+01
8.363000000000000000e+03 4.200000000000000000e+01 7.000000000000000000e+01
8.371000000000000000e+03 4.700000000000000000e+01 6.800000000000000000e+01
8.373000000000000000e+03 3.700000000000000000e+01 7.500000000000000000e+01
8.377000000000000000e+03 4.100000000000000000e+01 8.000000000000000000e+01
8.397000000000000000e+03 3.600000000000000000e+01 6.900000000000000000e+01
8.399000000000000000e+03 4.900000000000000000e+01 6.800000000000000000e+01
8.401000000000000000e+03 4.800000000000000000e+01 7.700000000000000000e+01
8.403000000000000000e+03 3.400000000000000000e+01 7.000000000000000000e+01
8.424000000000000000e+03 3.500000000000000000e+01 7.200000000000000000e+01
8.434000000000000000e+03 4.800000000000000000e+01 7.500000000000000000e+01
8.438000000000000000e+03 3.700000000000000000e+01 7.500000000000000000e+01
8.456000000000000000e+03 3.400000000000000000e+01 6.800000000000000000e+01
8.459000000000000000e+03 3.400000000000000000e+01 6.900000000000000000e+01
8.462000000000000000e+03 3.800000000000000000e+01 6.600000000000000000e+01
8.472000000000000000e+03 4.800000000000000000e+01 7.100000000000000000e+01
8.474000000000000000e+03 4.300000000000000000e+01 8.000000000000000000e+01
8.483000000000000000e+03 4.900000000000000000e+01 7.600000000000000000e+01
8.486000000000000000e+03 4.700000000000000000e+01 6.800000000000000000e+01
8.506000000000000000e+03 4.100000000000000000e+01 6.500000000000000000e+01
8.508000000000000000e+03 4.800000000000000000e+01 7.700000000000000000e+01
8.512000000000000000e+03 4.400000000000000000e+01 6.600000000000000000e+01
8.515000000000000000e+03 4.100000000000000000e+01 7.900000000000000000e+01
8.534000000000000000e+03 4.200000000000000000e+01 7.000000000000000000e+01
8.546000000000000000e+03 4.100000000000000000e+01 6.500000000000000000e+01
8.548000000000000000e+03 3.400000000000000000e+01 7.600000000000000000e+01
8.551000000000000000e+03 4.700000000000000000e+01 6.800000000000000000e+01
8.555000000000000000e+03 4.400000000000000000e+01 7.400000000000000000e+01
8.587000000000000000e+03 4.900000000000000000e+01 6.800000000000000000e+01
8.590000000000000000e+03 3.400000000000000000e+01 6.800000000000000000e+01
8.595000000000000000e+03 3.900000000000000000e+01 7.000000000000000000e+01
8.615000000000000000e+03 4.600000000000000000e+01 7.800000000000000000e+01
8.623000000000000000e+03 3.800000000000000000e+01 7.300000000000000000e+01
8.625000000000000000e+03 4.400000000000000000e+01 6.600000000000000000e+01
8.628000000000000000e+03 3.400000000000000000e+01 7.000000000000000000e+01
8.650000000000000000e+03 3.700000000000000000e+01 7.500000000000000000e+01
8.652000000000000000e+03 3.700000000000000000e+01 7.700000000000000000e+01
8.685000000000000000e+03 4.000000000000000000e+01 6.900000000000000000e+01
8.686000000000000000e+03 4.300000000000000000e+01 7.500000000000000000e+01
8.699000000000000000e+03 4.300000000000000000e+01 7.600000000000000000e+01
8.704000000000000000e+03 3.500000000000000000e+01 7.100000000000000000e+01
8.710000000000000000e+03 3.600000000000000000e+01 7.400000000000000000e+01
8.724000000000000000e+03 3.600000000000000000e+01 7.800000000000000000e+01
8.725000000000000000e+03 3.400000000000000000e+01 7.500000000000000000e+01
8.753000000000000000e+03 4.200000000000000000e+01 7.700000000000000000e+01
8.763000000000000000e+03 4.000000000000000000e+01 7.300000000000000000e+01
8.764000000000000000e+03 3.800000000000000000e+01 6.800000000000000000e+01
8.787000000000000000e+03 4.100000000000000000e+01 7.600000000000000000e+01
8.790000000000000000e+03 4.000000000000000000e+01 8.000000000000000000e+01
8.792000000000000000e+03 3.700000000000000000e+01 7.500000000000000000e+01
8.798000000000000000e+03 3.500000000000000000e+01 7.200000000000000000e+01
8.834000000000000000e+03 4.000000000000000000e+01 7.400000000000000000e+01
8.836000000000000000e+03 4.800000000000000000e+01 7.700000000000000000e+01
8.848000000000000000e+03 3.400000000000000000e+01 7.500000000000000000e+01
8.861000000000000000e+03 3.400000000000000000e+01 7.200000000000000000e+01
8.863000000000000000e+03 4.500000000000000000e+01 7.800000000000000000e+01
8.875000000000000000e+03 4.000000000000000000e+01 7.900000000000000000e+01
8.882000000000000000e+03 4.100000000000000000e+01 7.900000000000000000e+01
8.886000000000000000e+03 4.400000000000000000e+01 7.700000000000000000e+01
8.889000000000000000e+03 4.300000000000000000e+01 6.900000000000000000e+01
8.928000000000000000e+03 4.200000000000000000e+01 7.100000000000000000e+01
8.939000000000000000e+03 3.800000000000000000e+01 7.300000000000000000e+01
8.955000000000000000e+03 3.400000000000000000e+01 7.200000000000000000e+01
8.969000000000000000e+03 4.500000000000000000e+01 7.500000000000000000e+01
8.978000000000000000e+03 4.200000000000000000e+01 7.300000000000000000e+01
8.983000000000000000e+03 3.400000000000000000e+01 6.800000000000000000e+01
8.996000000000000000e+03 4.400000000000000000e+01 6.800000000000000000e+01
9.020000000000000000e+03 3.500000000000000000e+01 7.000000000000000000e+01
9.027000000000000000e+03 3.700000000000000000e+01 7.000000000000000000e+01
9.042000000000000000e+03 4.100000000000000000e+01 7.000000000000000000e+01
9.047000000000000000e+03 4.500000000000000000e+01 7.900000000000000000e+01
9.063000000000000000e+03 3.800000000000000000e+01 6.900000000000000000e+01
9.068000000000000000e+03 4.300000000000000000e+01 7.100000000000000000e+01
9.069000000000000000e+03 4.000000000000000000e+01 6.500000000000000000e+01
9.071000000000000000e+03 3.500000000000000000e+01 7.500000000000000000e+01
9.084000000000000000e+03 3.700000000000000000e+01 7.000000000000000000e+01
9.087000000000000000e+03 3.400000000000000000e+01 6.800000000000000000e+01
9.097000000000000000e+03 3.900000000000000000e+01 7.600000000000000000e+01
9.113000000000000000e+03 3.500000000000000000e+01 7.500000000000000000e+01
9.158000000000000000e+03 3.800000000000000000e+01 6.600000000000000000e+01
9.177000000000000000e+03 4.100000000000000000e+01 6.700000000000000000e+01
9.181000000000000000e+03 3.600000000000000000e+01 7.700000000000000000e+01
9.186000000000000000e+03 3.900000000000000000e+01 7.000000000000000000e+01
9.190000000000000000e+03 4.600000000000000000e+01 7.300000000000000000e+01
9.202000000000000000e+03 4.000000000000000000e+01 6.500000000000000000e+01
9.209000000000000000e+03 3.900000000000000000e+01 6.800000000000000000e+01
9.220000000000000000e+03 4.300000000000000000e+01 7.500000000000000000e+01
9.222000000000000000e+03 4.100000000000000000e+01 6.500000000000000000e+01
9.223000000000000000e+03 4.200000000000000000e+01 7.700000000000000000e+01
9.238000000000000000e+03 3.700000000000000000e+01 7.100000000000000000e+01
9.255000000000000000e+03 3.400000000000000000e+01 7.300000000000000000e+01
9.261000000000000000e+03 3.600000000000000000e+01 6.900000000000000000e+01
9.284000000000000000e+03 4.200000000000000000e+01 6.900000000000000000e+01
9.289000000000000000e+03 4.900000000000000000e+01 7.600000000000000000e+01
9.317000000000000000e+03 3.900000000000000000e+01 6.500000000000000000e+01
9.328000000000000000e+03 3.400000000000000000e+01 7.000000000000000000e+01
9.338000000000000000e+03 4.600000000000000000e+01 7.600000000000000000e+01
9.356000000000000000e+03 3.400000000000000000e+01 7.300000000000000000e+01
9.363000000000000000e+03 3.700000000000000000e+01 7.500000000000000000e+01
9.365000000000000000e+03 4.500000000000000000e+01 7.500000000000000000e+01
9.385000000000000000e+03 4.300000000000000000e+01 6.500000000000000000e+01
9.387000000000000000e+03 3.500000000000000000e+01 7.200000000000000000e+01
9.410000000000000000e+03 4.000000000000000000e+01 7.300000000000000000e+01
9.413000000000000000e+03 4.100000000000000000e+01 8.000000000000000000e+01
9.419000000000000000e+03 4.200000000000000000e+01 7.300000000000000000e+01
9.427000000000000000e+03 3.400000000000000000e+01 6.900000000000000000e+01
9.449000000000000000e+03 4.900000000000000000e+01 6.800000000000000000e+01
9.465000000000000000e+03 4.100000000000000000e+01 6.700000000000000000e+01
9.474000000000000000e+03 4.300000000000000000e+01 7.900000000000000000e+01
9.484000000000000000e+03 3.600000000000000000e+01 7.400000000000000000e+01
9.532000000000000000e+03 4.100000000000000000e+01 8.000000000000000000e+01
9.554000000000000000e+03 4.100000000000000000e+01 7.000000000000000000e+01
9.557000000000000000e+03 3.400000000000000000e+01 7.300000000000000000e+01
9.586000000000000000e+03 4.800000000000000000e+01 7.500000000000000000e+01
9.588000000000000000e+03 4.100000000000000000e+01 7.900000000000000000e+01
9.619000000000000000e+03 3.600000000000000000e+01 7.400000000000000000e+01
9.643000000000000000e+03 3.500000000000000000e+01 7.000000000000000000e+01
9.652000000000000000e+03 4.100000000000000000e+01 6.500000000000000000e+01
9.672000000000000000e+03 4.600000000000000000e+01 7.500000000000000000e+01
9.676000000000000000e+03 4.400000000000000000e+01 7.400000000000000000e+01
9.679000000000000000e+03 4.800000000000000000e+01 7.700000000000000000e+01
9.680000000000000000e+03 4.500000000000000000e+01 7.000000000000000000e+01
9.690000000000000000e+03 3.400000000000000000e+01 6.800000000000000000e+01
9.733000000000000000e+03 3.800000000000000000e+01 6.600000000000000000e+01
9.734000000000000000e+03 3.900000000000000000e+01 7.800000000000000000e+01
9.737000000000000000e+03 4.700000000000000000e+01 6.700000000000000000e+01
9.744000000000000000e+03 4.300000000000000000e+01 7.400000000000000000e+01
9.748000000000000000e+03 4.800000000000000000e+01 7.000000000000000000e+01
9.755000000000000000e+03 4.300000000000000000e+01 7.800000000000000000e+01
9.773000000000000000e+03 4.500000000000000000e+01 7.800000000000000000e+01
9.776000000000000000e+03 4.400000000000000000e+01 6.600000000000000000e+01
9.780000000000000000e+03 3.700000000000000000e+01 7.000000000000000000e+01
9.790000000000000000e+03 3.900000000000000000e+01 7.000000000000000000e+01
9.800000000000000000e+03 3.900000000000000000e+01 6.800000000000000000e+01
9.820000000000000000e+03 3.400000000000000000e+01 7.200000000000000000e+01
9.859000000000000000e+03 4.100000000000000000e+01 6.700000000000000000e+01
9.889000000000000000e+03 4.700000000000000000e+01 7.300000000000000000e+01
9.892000000000000000e+03 4.400000000000000000e+01 6.600000000000000000e+01
9.900000000000000000e+03 3.400000000000000000e+01 7.200000000000000000e+01
9.920000000000000000e+03 4.100000000000000000e+01 6.500000000000000000e+01
9.938000000000000000e+03 4.800000000000000000e+01 7.700000000000000000e+01
9.946000000000000000e+03 3.800000000000000000e+01 7.600000000000000000e+01
9.951000000000000000e+03 4.100000000000000000e+01 7.900000000000000000e+01
9.981000000000000000e+03 3.600000000000000000e+01 6.900000000000000000e+01
9.989000000000000000e+03 3.700000000000000000e+01 7.500000000000000000e+01
1.000400000000000000e+04 4.200000000000000000e+01 7.700000000000000000e+01
1.000700000000000000e+04 3.800000000000000000e+01 6.900000000000000000e+01
1.001200000000000000e+04 3.800000000000000000e+01 6.800000000000000000e+01
1.001500000000000000e+04 3.600000000000000000e+01 6.700000000000000000e+01
1.004500000000000000e+04 3.700000000000000000e+01 7.700000000000000000e+01
1.005400000000000000e+04 3.700000000000000000e+01 7.300000000000000000e+01
1.005900000000000000e+04 3.400000000000000000e+01 7.300000000000000000e+01
1.008400000000000000e+04 3.400000000000000000e+01 7.700000000000000000e+01
1.010000000000000000e+04 3.800000000000000000e+01 6.600000000000000000e+01
1.011000000000000000e+04 4.800000000000000000e+01 7.000000000000000000e+01
1.011300000000000000e+04 3.400000000000000000e+01 7.700000000000000000e+01
1.013600000000000000e+04 4.400000000000000000e+01 7.400000000000000000e+01
1.014200000000000000e+04 4.100000000000000000e+01 7.000000000000000000e+01
1.016900000000000000e+04 4.100000000000000000e+01 6.700000000000000000e+01
1.017100000000000000e+04 3.500000000000000000e+01 7.500000000000000000e+01
1.017700000000000000e+04 4.400000000000000000e+01 7.200000000000000000e+01
1.018400000000000000e+04 4.000000000000000000e+01 6.900000000000000000e+01
1.021500000000000000e+04 4.800000000000000000e+01 7.500000000000000000e+01
1.022700000000000000e+04 3.400000000000000000e+01 6.800000000000000000e+01
1.025800000000000000e+04 3.800000000000000000e+01 7.800000000000000000e+01
1.025900000000000000e+04 3.400000000000000000e+01 7.000000000000000000e+01
1.026000000000000000e+04 3.900000000000000000e+01 7.100000000000000000e+01
1.026200000000000000e+04 3.400000000000000000e+01 6.900000000000000000e+01
1.027900000000000000e+04 4.600000000000000000e+01 7.200000000000000000e+01
1.028900000000000000e+04 4.500000000000000000e+01 7.400000000000000000e+01
1.029100000000000000e+04 4.100000000000000000e+01 6.500000000000000000e+01
1.029800000000000000e+04 4.400000000000000000e+01 7.700000000000000000e+01
1.031300000000000000e+04 4.800000000000000000e+01 7.700000000000000000e+01
1.031500000000000000e+04 4.000000000000000000e+01 7.700000000000000000e+01
1.031900000000000000e+04 4.300000000000000000e+01 7.100000000000000000e+01
1.033300000000000000e+04 4.900000000000000000e+01 6.800000000000000000e+01
1.033800000000000000e+04 4.500000000000000000e+01 7.500000000000000000e+01
1.034600000000000000e+04 3.500000000000000000e+01 7.100000000000000000e+01
1.036700000000000000e+04 4.300000000000000000e+01 7.400000000000000000e+01
1.037800000000000000e+04 4.800000000000000000e+01 7.700000000000000000e+01
1.039300000000000000e+04 4.800000000000000000e+01 7.000000000000000000e+01
1.041200000000000000e+04 3.900000000000000000e+01 7.800000000000000000e+01
1.046800000000000000e+04 4.700000000000000000e+01 7.000000000000000000e+01
1.048200000000000000e+04 3.600000000000000000e+01 7.700000000000000000e+01
1.048300000000000000e+04 3.800000000000000000e+01 6.600000000000000000e+01
1.048700000000000000e+04 4.600000000000000000e+01 7.800000000000000000e+01
1.049600000000000000e+04 4.100000000000000000e+01 7.300000000000000000e+01
1.050900000000000000e+04 3.600000000000000000e+01 7.400000000000000000e+01
1.051500000000000000e+04 3.800000000000000000e+01 7.600000000000000000e+01
1.052400000000000000e+04 4.100000000000000000e+01 6.500000000000000000e+01
1.054500000000000000e+04 4.100000000000000000e+01 7.000000000000000000e+01
1.057300000000000000e+04 3.600000000000000000e+01 7.700000000000000000e+01
1.059400000000000000e+04 4.100000000000000000e+01 7.200000000000000000e+01
1.059500000000000000e+04 4.400000000000000000e+01 6.600000000000000000e+01
1.061800000000000000e+04 4.100000000000000000e+01 7.000000000000000000e+01
1.063000000000000000e+04 4.000000000000000000e+01 7.900000000000000000e+01
1.063200000000000000e+04 4.700000000000000000e+01 6.700000000000000000e+01
1.065600000000000000e+04 3.800000000000000000e+01 7.800000000000000000e+01
1.068200000000000000e+04 4.200000000000000000e+01 7.300000000000000000e+01
1.069300000000000000e+04 4.300000000000000000e+01 6.500000000000000000e+01
1.069500000000000000e+04 3.800000000000000000e+01 6.600000000000000000e+01
1.071200000000000000e+04 4.100000000000000000e+01 6.600000000000000000e+01
1.071600000000000000e+04 4.000000000000000000e+01 7.300000000000000000e+01
1.073600000000000000e+04 4.000000000000000000e+01 7.300000000000000000e+01
1.074000000000000000e+04 4.000000000000000000e+01 7.400000000000000000e+01
1.074400000000000000e+04 3.800000000000000000e+01 6.800000000000000000e+01
1.074600000000000000e+04 3.900000000000000000e+01 7.000000000000000000e+01
1.075100000000000000e+04 4.500000000000000000e+01 7.500000000000000000e+01
1.075800000000000000e+04 3.800000000000000000e+01 6.800000000000000000e+01
1.076300000000000000e+04 4.600000000000000000e+01 7.200000000000000000e+01
1.076500000000000000e+04 4.800000000000000000e+01 7.700000000000000000e+01
1.079900000000000000e+04 3.400000000000000000e+01 7.600000000000000000e+01
1.080000000000000000e+04 4.100000000000000000e+01 8.000000000000000000e+01
1.080800000000000000e+04 4.400000000000000000e+01 6.800000000000000000e+01
1.081700000000000000e+04 4.200000000000000000e+01 6.800000000000000000e+01
1.082300000000000000e+04 4.600000000000000000e+01 7.600000000000000000e+01
1.082500000000000000e+04 4.000000000000000000e+01 6.900000000000000000e+01
1.083200000000000000e+04 4.000000000000000000e+01 7.800000000000000000e+01
1.084600000000000000e+04 4.500000000000000000e+01 7.500000000000000000e+01
1.086900000000000000e+04 3.800000000000000000e+01 6.900000000000000000e+01
1.087100000000000000e+04 4.000000000000000000e+01 6.900000000000000000e+01
1.087200000000000000e+04 4.300000000000000000e+01 7.100000000000000000e+01
1.087300000000000000e+04 4.100000000000000000e+01 8.000000000000000000e+01
1.087500000000000000e+04 3.800000000000000000e+01 6.900000000000000000e+01
1.087800000000000000e+04 4.400000000000000000e+01 7.700000000000000000e+01
1.088900000000000000e+04 4.300000000000000000e+01 7.900000000000000000e+01
1.089100000000000000e+04 3.600000000000000000e+01 7.800000000000000000e+01
1.090100000000000000e+04 4.000000000000000000e+01 6.600000000000000000e+01
1.090300000000000000e+04 4.800000000000000000e+01 7.000000000000000000e+01
1.090800000000000000e+04 3.600000000000000000e+01 7.300000000000000000e+01
1.091100000000000000e+04 4.300000000000000000e+01 7.100000000000000000e+01
1.091700000000000000e+04 4.300000000000000000e+01 6.500000000000000000e+01
1.091800000000000000e+04 3.900000000000000000e+01 6.800000000000000000e+01
1.092500000000000000e+04 4.800000000000000000e+01 7.700000000000000000e+01
1.093400000000000000e+04 4.100000000000000000e+01 7.900000000000000000e+01
1.093800000000000000e+04 4.100000000000000000e+01 7.000000000000000000e+01
1.094300000000000000e+04 3.500000000000000000e+01 7.200000000000000000e+01
1.097900000000000000e+04 4.000000000000000000e+01 6.600000000000000000e+01
1.099100000000000000e+04 3.800000000000000000e+01 6.600000000000000000e+01
1.101200000000000000e+04 3.400000000000000000e+01 7.300000000000000000e+01
1.101600000000000000e+04 4.300000000000000000e+01 7.600000000000000000e+01
1.101900000000000000e+04 4.900000000000000000e+01 6.800000000000000000e+01
1.102400000000000000e+04 3.700000000000000000e+01 7.700000000000000000e+01
1.104500000000000000e+04 4.200000000000000000e+01 7.700000000000000000e+01
1.105000000000000000e+04 4.400000000000000000e+01 6.600000000000000000e+01
1.105600000000000000e+04 4.300000000000000000e+01 7.500000000000000000e+01
1.105700000000000000e+04 4.200000000000000000e+01 6.900000000000000000e+01
1.106900000000000000e+04 3.400000000000000000e+01 7.600000000000000000e+01
1.110000000000000000e+04 4.500000000000000000e+01 7.900000000000000000e+01
1.110100000000000000e+04 4.600000000000000000e+01 7.200000000000000000e+01
1.111500000000000000e+04 4.000000000000000000e+01 6.600000000000000000e+01
1.112600000000000000e+04 3.900000000000000000e+01 6.700000000000000000e+01
1.112800000000000000e+04 3.700000000000000000e+01 7.100000000000000000e+01
1.113100000000000000e+04 3.900000000000000000e+01 7.100000000000000000e+01
1.113600000000000000e+04 4.400000000000000000e+01 7.400000000000000000e+01
1.114100000000000000e+04 4.900000000000000000e+01 6.800000000000000000e+01
1.114500000000000000e+04 4.300000000000000000e+01 7.400000000000000000e+01
1.116700000000000000e+04 3.400000000000000000e+01 7.700000000000000000e+01
1.117700000000000000e+04 4.900000000000000000e+01 6.800000000000000000e+01
1.118400000000000000e+04 4.300000000000000000e+01 7.900000000000000000e+01
1.118500000000000000e+04 3.900000000000000000e+01 7.200000000000000000e+01
1.118600000000000000e+04 3.700000000000000000e+01 7.500000000000000000e+01
1.118800000000000000e+04 3.800000000000000000e+01 7.600000000000000000e+01
1.118900000000000000e+04 4.000000000000000000e+01 7.900000000000000000e+01
1.120700000000000000e+04 4.300000000000000000e+01 8.000000000000000000e+01
1.123700000000000000e+04 4.300000000000000000e+01 7.800000000000000000e+01
1.125300000000000000e+04 3.800000000000000000e+01 6.800000000000000000e+01
1.125400000000000000e+04 4.200000000000000000e+01 7.700000000000000000e+01
1.130100000000000000e+04 4.600000000000000000e+01 7.200000000000000000e+01
1.131600000000000000e+04 3.400000000000000000e+01 7.600000000000000000e+01
1.132200000000000000e+04 3.600000000000000000e+01 7.400000000000000000e+01
1.133100000000000000e+04 4.000000000000000000e+01 6.500000000000000000e+01
1.133800000000000000e+04 4.100000000000000000e+01 6.700000000000000000e+01
1.133900000000000000e+04 4.800000000000000000e+01 7.700000000000000000e+01
1.134500000000000000e+04 3.400000000000000000e+01 7.300000000000000000e+01
1.134700000000000000e+04 4.300000000000000000e+01 7.100000000000000000e+01
1.135900000000000000e+04 4.300000000000000000e+01 7.100000000000000000e+01
1.138700000000000000e+04 4.900000000000000000e+01 7.600000000000000000e+01
1.139400000000000000e+04 4.000000000000000000e+01 8.000000000000000000e+01
1.140700000000000000e+04 4.100000000000000000e+01 6.400000000000000000e+01
1.140900000000000000e+04 3.500000000000000000e+01 7.200000000000000000e+01
1.141100000000000000e+04 3.900000000000000000e+01 7.100000000000000000e+01
1.141700000000000000e+04 4.800000000000000000e+01 7.000000000000000000e+01
1.143700000000000000e+04 4.300000000000000000e+01 6.900000000000000000e+01
1.145000000000000000e+04 4.600000000000000000e+01 7.300000000000000000e+01
1.145300000000000000e+04 3.700000000000000000e+01 7.000000000000000000e+01
1.145600000000000000e+04 4.300000000000000000e+01 7.500000000000000000e+01
1.146600000000000000e+04 3.500000000000000000e+01 7.100000000000000000e+01
1.147000000000000000e+04 4.400000000000000000e+01 6.900000000000000000e+01
1.152100000000000000e+04 3.600000000000000000e+01 7.700000000000000000e+01
1.153200000000000000e+04 4.200000000000000000e+01 7.400000000000000000e+01
1.153600000000000000e+04 4.000000000000000000e+01 7.400000000000000000e+01
1.154500000000000000e+04 4.400000000000000000e+01 7.700000000000000000e+01
1.156800000000000000e+04 4.200000000000000000e+01 6.900000000000000000e+01
1.162400000000000000e+04 4.900000000000000000e+01 7.400000000000000000e+01
1.164500000000000000e+04 3.600000000000000000e+01 7.700000000000000000e+01
1.165400000000000000e+04 4.700000000000000000e+01 6.800000000000000000e+01
1.166300000000000000e+04 4.400000000000000000e+01 7.200000000000000000e+01
1.166700000000000000e+04 4.000000000000000000e+01 7.900000000000000000e+01
1.167600000000000000e+04 4.600000000000000000e+01 7.800000000000000000e+01
1.168200000000000000e+04 3.800000000000000000e+01 7.100000000000000000e+01
1.168900000000000000e+04 4.500000000000000000e+01 7.800000000000000000e+01
1.169300000000000000e+04 4.400000000000000000e+01 6.800000000000000000e+01
1.170900000000000000e+04 4.100000000000000000e+01 7.000000000000000000e+01
1.171100000000000000e+04 4.300000000000000000e+01 6.900000000000000000e+01
1.172800000000000000e+04 4.300000000000000000e+01 7.800000000000000000e+01
1.173400000000000000e+04 4.000000000000000000e+01 7.600000000000000000e+01
1.173900000000000000e+04 3.800000000000000000e+01 7.800000000000000000e+01
1.175100000000000000e+04 4.000000000000000000e+01 6.600000000000000000e+01
1.177200000000000000e+04 4.800000000000000000e+01 7.500000000000000000e+01
1.178400000000000000e+04 4.000000000000000000e+01 7.300000000000000000e+01
1.179600000000000000e+04 3.800000000000000000e+01 6.900000000000000000e+01
1.180400000000000000e+04 4.700000000000000000e+01 7.000000000000000000e+01
1.182000000000000000e+04 3.400000000000000000e+01 7.600000000000000000e+01
1.184000000000000000e+04 3.900000000000000000e+01 7.800000000000000000e+01
1.185200000000000000e+04 3.900000000000000000e+01 6.800000000000000000e+01
1.186600000000000000e+04 4.400000000000000000e+01 7.700000000000000000e+01
1.188800000000000000e+04 3.400000000000000000e+01 7.000000000000000000e+01
1.189400000000000000e+04 3.500000000000000000e+01 7.500000000000000000e+01
1.190400000000000000e+04 4.900000000000000000e+01 6.800000000000000000e+01
1.190800000000000000e+04 3.600000000000000000e+01 6.900000000000000000e+01
1.191800000000000000e+04 4.600000000000000000e+01 7.200000000000000000e+01
1.192000000000000000e+04 4.600000000000000000e+01 7.500000000000000000e+01
1.193100000000000000e+04 3.800000000000000000e+01 6.600000000000000000e+01
1.194400000000000000e+04 3.500000000000000000e+01 6.800000000000000000e+01
1.194800000000000000e+04 4.200000000000000000e+01 7.700000000000000000e+01
1.195800000000000000e+04 3.700000000000000000e+01 7.000000000000000000e+01
1.197200000000000000e+04 4.000000000000000000e+01 6.600000000000000000e+01
1.197500000000000000e+04 4.000000000000000000e+01 7.400000000000000000e+01
1.198100000000000000e+04 4.700000000000000000e+01 7.300000000000000000e+01
1.199500000000000000e+04 4.400000000000000000e+01 7.700000000000000000e+01
1.201400000000000000e+04 4.800000000000000000e+01 7.000000000000000000e+01
1.201900000000000000e+04 4.200000000000000000e+01 7.200000000000000000e+01
1.203700000000000000e+04 3.400000000000000000e+01 7.300000000000000000e+01
1.206000000000000000e+04 4.100000000000000000e+01 7.900000000000000000e+01
1.207100000000000000e+04 4.700000000000000000e+01 7.700000000000000000e+01
1.208000000000000000e+04 3.600000000000000000e+01 6.900000000000000000e+01
1.209200000000000000e+04 4.900000000000000000e+01 7.600000000000000000e+01
1.210900000000000000e+04 4.600000000000000000e+01 7.500000000000000000e+01
1.212900000000000000e+04 4.100000000000000000e+01 7.600000000000000000e+01
1.215100000000000000e+04 4.100000000000000000e+01 6.500000000000000000e+01
1.216200000000000000e+04 4.000000000000000000e+01 6.600000000000000000e+01
1.216500000000000000e+04 3.600000000000000000e+01 7.400000000000000000e+01
1.216700000000000000e+04 4.300000000000000000e+01 7.800000000000000000e+01
1.216800000000000000e+04 4.500000000000000000e+01 6.700000000000000000e+01
1.217100000000000000e+04 4.000000000000000000e+01 6.500000000000000000e+01
1.219600000000000000e+04 4.300000000000000000e+01 6.500000000000000000e+01
1.223400000000000000e+04 4.200000000000000000e+01 7.400000000000000000e+01
1.225500000000000000e+04 3.800000000000000000e+01 6.600000000000000000e+01
1.232700000000000000e+04 4.600000000000000000e+01 7.300000000000000000e+01
1.233700000000000000e+04 3.500000000000000000e+01 7.600000000000000000e+01
1.234000000000000000e+04 3.400000000000000000e+01 7.300000000000000000e+01
1.235000000000000000e+04 4.600000000000000000e+01 7.300000000000000000e+01
1.235100000000000000e+04 4.200000000000000000e+01 6.800000000000000000e+01
1.235700000000000000e+04 4.800000000000000000e+01 7.700000000000000000e+01
1.236400000000000000e+04 4.300000000000000000e+01 7.500000000000000000e+01
1.237700000000000000e+04 4.100000000000000000e+01 8.000000000000000000e+01
1.238300000000000000e+04 4.500000000000000000e+01 7.900000000000000000e+01
1.239300000000000000e+04 3.600000000000000000e+01 7.700000000000000000e+01
1.241300000000000000e+04 4.100000000000000000e+01 7.900000000000000000e+01
1.241600000000000000e+04 3.600000000000000000e+01 7.300000000000000000e+01
1.241900000000000000e+04 4.600000000000000000e+01 7.800000000000000000e+01
1.243800000000000000e+04 3.400000000000000000e+01 7.200000000000000000e+01
